56
Megalobrama_amblycephala_rna_XM_048174900_1     0.0000000 0.1796300 0.3674952 0.3303948 0.3684871 0.1651013 0.3922025 0.1682436 0.4421430 0.3825071 0.4127976 0.2761617 0.3338808 0.4555355 0.1515242 0.3865656 0.4020470 0.2780939 0.2530583 0.1994062 0.1409856 0.1124629 0.4352237 0.3631529 0.4737496 0.4139384 0.1112486 0.2630431 0.1373965 0.1343719 0.1411641 0.3339954 0.4023725 0.1251244 0.1444740 0.4001894 0.1041888 0.4129917 0.6721670 0.4157850 0.4488125 0.3961025 0.4309803 0.1534757 0.2028151 0.3964426 0.2830558 0.3285370 0.4980661 0.3671729 0.3901887 0.3713525 0.1790619 0.2576443 0.1368840 0.3304352 
Megalobrama_amblycephala_rna_XM_048174914_1     0.1796300 0.0000000 0.3001943 0.2980171 0.3150622 0.2045166 0.3223006 0.1548503 0.3942583 0.3485198 0.3482780 0.2640305 0.2945210 0.3415159 0.2209113 0.3310677 0.3241252 0.3018267 0.3386293 0.1358735 0.1762058 0.1754781 0.3533948 0.3144555 0.4006289 0.3343941 0.1789804 0.2475168 0.1945042 0.1854887 0.1637817 0.3895012 0.3206392 0.1902898 0.1688359 0.3450607 0.1754783 0.3770471 0.5870063 0.3251458 0.3927076 0.3423428 0.3162224 0.1861027 0.2249193 0.3345528 0.2597907 0.2959438 0.4013896 0.4431922 0.3396351 0.3069956 0.0806489 0.2609343 0.2031266 0.2962669 
Sinocyclocheilus_anshuiensis_rna_XM_016459865_1 0.3674952 0.3001943 0.0000000 0.0902435 0.0835989 0.3953716 0.1050057 0.3158774 0.1265933 0.1004992 0.1214097 0.3538888 0.0922662 0.0902576 0.4113508 0.0882191 0.1070964 0.1060778 0.1079069 0.3096075 0.3577010 0.3761722 0.1461568 0.1220426 0.1756902 0.0968956 0.3721456 0.3803038 0.3952439 0.3778833 0.4668638 0.6507684 0.1041348 0.3766801 0.4332471 0.0873601 0.3384310 0.5739957 0.1840916 0.0367857 0.2422201 0.0848179 0.0875145 0.4014848 0.3578147 0.0904558 0.3433725 0.0892132 0.1438004 0.6188043 0.0892925 0.0454410 0.2812732 0.1177293 0.4045622 0.0931909 
Pangasianodon_hypophthalmus_rna_XM_053236679_1  0.3303948 0.2980171 0.0902435 0.0000000 0.1159766 0.3696641 0.1387429 0.2794461 0.1388348 0.1405938 0.1593385 0.3190897 0.0032536 0.1377005 0.3735961 0.1282740 0.1400214 0.0485176 0.0287944 0.3060320 0.3473376 0.3430200 0.1489810 0.1400126 0.2053845 0.1186256 0.3556071 0.3531509 0.3498713 0.3481558 0.4165002 0.5525968 0.1390204 0.3304478 0.4269525 0.1296522 0.3043934 0.5429628 0.1294221 0.1051238 0.2119733 0.1262346 0.0293382 0.3838616 0.3338939 0.1297421 0.3210937 0.0008116 0.1714217 0.5493606 0.1247886 0.0956083 0.2797558 0.0819635 0.3614525 0.0057032 
Onychostoma_macrolepis_rna_XM_058772010_1       0.3684871 0.3150622 0.0835989 0.1159766 0.0000000 0.4129329 0.1283660 0.3337786 0.1461594 0.1159159 0.1414594 0.3682033 0.1160048 0.1503354 0.4268231 0.1160624 0.1241562 0.1402017 0.1344786 0.3322348 0.3707865 0.3942464 0.1721330 0.1311702 0.2137233 0.1096859 0.3955187 0.4026867 0.3993012 0.3747781 0.4745823 0.5915880 0.1231813 0.3857933 0.4750005 0.1130612 0.3279044 0.6310344 0.2310202 0.1000146 0.2515953 0.1073954 0.1292544 0.4157150 0.3884100 0.1142551 0.3693657 0.1148784 0.1753351 0.6062708 0.1147384 0.0952018 0.3203545 0.1059349 0.4130286 0.1190779 
Megalobrama_amblycephala_rna_XM_048175158_1     0.1651013 0.2045166 0.3953716 0.3696641 0.4129329 0.0000000 0.4143737 0.1862958 0.4724793 0.4108973 0.4299878 0.3087663 0.3733665 0.4837748 0.2165489 0.4307168 0.4076313 0.3506957 0.3114036 0.2137227 0.1646370 0.1728674 0.4498438 0.4036599 0.4828919 0.4502058 0.1610556 0.2969104 0.1507250 0.1840283 0.1771844 0.3265189 0.4044874 0.1332899 0.1920317 0.4259796 0.1381839 0.4703910 0.6784073 0.4467813 0.4679515 0.4115242 0.4760735 0.1705902 0.2495838 0.4126192 0.3207661 0.3676791 0.5263665 0.3793249 0.4206273 0.4014569 0.2093041 0.2862943 0.1536803 0.3663357 
Onychostoma_macrolepis_rna_XM_058771374_1       0.3922025 0.3223006 0.1050057 0.1387429 0.1283660 0.4143737 0.0000000 0.3388389 0.1485859 0.1318317 0.1481884 0.3609706 0.1410124 0.1285854 0.4266832 0.1561616 0.1634861 0.1300866 0.1131073 0.3405339 0.3719226 0.4058010 0.2290765 0.0925586 0.2151700 0.0602144 0.3837836 0.4129879 0.4082325 0.4941166 0.4631281 0.6509618 0.1611285 0.3961793 0.4456324 0.1348429 0.3628115 0.5840477 0.2030236 0.0966776 0.2442123 0.1280039 0.1037560 0.4179575 0.3788633 0.1406092 0.3700229 0.1375745 0.0971045 0.8009834 0.1480118 0.1217032 0.3119577 0.0947098 0.4548565 0.1420065 
Megalobrama_amblycephala_rna_XM_048174909_1     0.1682436 0.1548503 0.3158774 0.2794461 0.3337786 0.1862958 0.3388389 0.0000000 0.3701403 0.3596087 0.3597041 0.2490931 0.2761639 0.3685577 0.1968603 0.3366816 0.3470065 0.3054051 0.2901966 0.1755123 0.1624894 0.1570342 0.3778181 0.3284068 0.4290600 0.3524820 0.1722878 0.2132099 0.1658122 0.1874968 0.1699659 0.4309826 0.3436360 0.1664868 0.1677970 0.3701500 0.1616684 0.4246840 0.5549174 0.3568545 0.3715011 0.3724712 0.3060710 0.1838686 0.1639585 0.3434113 0.2454809 0.2775160 0.4160944 0.4293082 0.3674545 0.3195391 0.1456099 0.2795303 0.1906613 0.2795321 
Onychostoma_macrolepis_rna_XM_058771539_1       0.4421430 0.3942583 0.1265933 0.1388348 0.1461594 0.4724793 0.1485859 0.3701403 0.0000000 0.1797185 0.2001463 0.4075610 0.1424327 0.2055091 0.4876899 0.1645471 0.1847167 0.3413212 0.6433996 0.3666881 0.4379671 0.4543383 0.1186539 0.1431680 0.2341750 0.1189567 0.4643968 0.4657950 0.4547086 0.4484525 0.6404356 2.0236676 0.1820525 0.4410433 0.6663312 0.1670067 0.4378469 0.5827105 0.1861168 0.1450523 0.2296153 0.1643148 0.0997846 0.4801013 0.4382791 0.1555801 0.4157389 0.1401060 0.2216402 0.4824414 0.1675392 0.1293476 0.3409651 0.1112673 0.4716146 0.1423444 
Carassius_auratus_rna_XM_026243545_1            0.3825071 0.3485198 0.1004992 0.1405938 0.1159159 0.4108973 0.1318317 0.3596087 0.1797185 0.0000000 0.1048590 0.3819913 0.1406305 0.1401007 0.4303710 0.1010624 0.1070171 0.1600315 0.1607220 0.3546659 0.3775491 0.4073924 0.1403976 0.1315856 0.2080397 0.1340225 0.3857039 0.3968854 0.4146347 0.3518063 0.4797905 0.6894347 0.1058811 0.3860959 0.4906870 0.0911616 0.3014347 0.6155621 0.2647935 0.1073734 0.2651700 0.0366837 0.1547968 0.4012544 0.3730532 0.0931574 0.3754664 0.1393557 0.1841661 0.5564725 0.0348450 0.1036601 0.3230491 0.0485263 0.3865390 0.1394358 
Carassius_gibelio_rna_XM_052551953_1            0.4127976 0.3482780 0.1214097 0.1593385 0.1414594 0.4299878 0.1481884 0.3597041 0.2001463 0.1048590 0.0000000 0.3887133 0.1593784 0.1416548 0.4699273 0.0909238 0.0667825 0.1713166 0.1609243 0.3523935 0.4168568 0.4304781 0.1713724 0.1592832 0.2364773 0.1435065 0.4213305 0.4310457 0.4373255 0.4095597 0.4819866 0.6195860 0.0649889 0.4089173 0.4769787 0.1104877 0.3714707 0.6244932 0.2692343 0.1188138 0.2812615 0.1053158 0.1543491 0.4368809 0.3939131 0.1137181 0.3964868 0.1581038 0.1918818 0.6441457 0.1088276 0.1175187 0.3236912 0.1304297 0.4372375 0.1627557 
Sinocyclocheilus_grahami_rna_XM_016261660_1     0.2761617 0.2640305 0.3538888 0.3190897 0.3682033 0.3087663 0.3609706 0.2490931 0.4075610 0.3819913 0.3887133 0.0000000 0.3224327 0.4158986 0.3034307 0.3856774 0.3831964 0.2535130 0.2478152 0.2886232 0.2928195 0.2794058 0.4309726 0.3632255 0.4599281 0.3894484 0.2888646 0.3002677 0.2887022 0.2561667 0.2822859 0.4055963 0.3800831 0.2723578 0.3309460 0.3987425 0.2180540 0.5199956 0.5964235 0.3891030 0.4200023 0.3805078 0.3733410 0.2774901 0.2511623 0.3921434 0.1174238 0.3173111 0.4414375 0.4769672 0.3929124 0.3347480 0.2506407 0.2375562 0.2701844 0.3143438 
Pangasianodon_hypophthalmus_rna_XM_053236680_1  0.3338808 0.2945210 0.0922662 0.0032536 0.1160048 0.3733665 0.1410124 0.2761639 0.1424327 0.1406305 0.1593784 0.3224327 0.0000000 0.1393140 0.3774927 0.1304845 0.1400559 0.0513345 0.0330283 0.3060725 0.3509580 0.3465414 0.1532650 0.1422756 0.2092677 0.1200165 0.3592388 0.3581858 0.3534533 0.3502805 0.4205035 0.5428174 0.1390546 0.3338862 0.4307628 0.1318902 0.3044362 0.5429628 0.1338958 0.1064763 0.2166746 0.1284884 0.0323943 0.3875576 0.3372950 0.1319822 0.3244163 0.0040724 0.1731724 0.5526059 0.1248192 0.0976623 0.2759239 0.0874785 0.3649963 0.0089938 
Carassius_carassius_rna_XM_059510629_1          0.4555355 0.3415159 0.0902576 0.1377005 0.1503354 0.4837748 0.1285854 0.3685577 0.2055091 0.1401007 0.1416548 0.4158986 0.1393140 0.0000000 0.5178655 0.1398606 0.1507445 0.1656724 0.1562476 0.3666573 0.4616595 0.4657527 0.1885045 0.1416245 0.2455576 0.1353833 0.4421331 0.4686376 0.4979274 0.4388196 0.4931546 0.6910531 0.1524708 0.4454399 0.4696008 0.1342630 0.3823745 0.4100202 0.2306158 0.0914153 0.3398945 0.1355702 0.1311973 0.4755213 0.4089919 0.1344428 0.4269272 0.1361154 0.1417040 0.8451522 0.1269894 0.1022305 0.3153867 0.0000010 0.4692349 0.1377385 
Megalobrama_amblycephala_rna_XM_048175522_1     0.1515242 0.2209113 0.4113508 0.3735961 0.4268231 0.2165489 0.4266832 0.1968603 0.4876899 0.4303710 0.4699273 0.3034307 0.3774927 0.5178655 0.0000000 0.4492278 0.4494028 0.2856185 0.2933642 0.2514475 0.1250801 0.1364499 0.4958074 0.4312656 0.5232794 0.4674687 0.1416737 0.3025756 0.2005160 0.1371637 0.1349186 0.3089120 0.4455283 0.1721744 0.1593522 0.4566319 0.1027912 0.5293755 0.8235734 0.4723196 0.5373159 0.4547469 0.4832004 0.1512742 0.2628310 0.4384291 0.3313428 0.3715065 0.5090079 0.3936824 0.4443173 0.4240039 0.2177312 0.3245624 0.1526982 0.3701907 
Carassius_carassius_rna_XM_059547622_1          0.3865656 0.3310677 0.0882191 0.1282740 0.1160624 0.4307168 0.1561616 0.3366816 0.1645471 0.1010624 0.0909238 0.3856774 0.1304845 0.1398606 0.4492278 0.0000000 0.0710028 0.1313912 0.1105644 0.3369333 0.4122375 0.4065005 0.1398446 0.1538114 0.2177271 0.1326969 0.4260649 0.4273474 0.4272209 0.3898875 0.4798121 0.5040200 0.0710466 0.4087497 0.4969938 0.0824771 0.3462823 0.6349578 0.2502425 0.0974926 0.2819517 0.0901619 0.1445638 0.4343666 0.3932191 0.0928003 0.3840069 0.1271386 0.1951559 0.6185765 0.0954588 0.0973967 0.3180700 0.1239807 0.4332174 0.1314614 
Carassius_gibelio_rna_XM_052550692_1            0.4020470 0.3241252 0.1070964 0.1400214 0.1241562 0.4076313 0.1634861 0.3470065 0.1847167 0.1070171 0.0667825 0.3831964 0.1400559 0.1507445 0.4494028 0.0710028 0.0000000 0.1754822 0.1615142 0.3240079 0.4103728 0.4144466 0.1473655 0.1680127 0.2327292 0.1464484 0.4269153 0.4193211 0.4237107 0.4012126 0.4744150 0.6069175 0.0074129 0.4025701 0.4856006 0.0950352 0.3640597 0.6062674 0.2670127 0.1226810 0.2694250 0.1041598 0.1548918 0.4425573 0.3979740 0.0980570 0.3855127 0.1388561 0.1990076 0.6253271 0.1040961 0.1033885 0.3012559 0.1358645 0.4320736 0.1421764 
Pangasius_djambal_PDJAM_T00258610               0.2780939 0.3018267 0.1060778 0.0485176 0.1402017 0.3506957 0.1300866 0.3054051 0.3413212 0.1600315 0.1713166 0.2535130 0.0513345 0.1656724 0.2856185 0.1313912 0.1754822 0.0000000 0.0460112 0.4056744 0.2782171 0.2645541 0.3786064 0.1391774 0.2261866 0.1495293 0.2853389 0.2612326 0.2856930 0.3079857 0.3056790 0.5647495 0.1760292 0.2949115 0.3093504 0.1492542 0.2834290 0.2997873 1.3543157 0.1192557 1.4868819 0.1669985 0.0544964 0.2891671 0.2546066 0.1607615 0.2758531 0.0484393 0.1328658 0.9320766 0.1567242 0.1297780 0.3546052 0.0000010 0.3316058 0.0513345 
Pangasianodon_gigas_PGIGA_T00260840             0.2530583 0.3386293 0.1079069 0.0287944 0.1344786 0.3114036 0.1131073 0.2901966 0.6433996 0.1607220 0.1609243 0.2478152 0.0330283 0.1562476 0.2933642 0.1105644 0.1615142 0.0460112 0.0000000 0.4868239 0.2606426 0.2625041 6.8132603 0.1182409 0.2041806 0.1227506 0.2721618 0.2642220 0.2871560 0.3295337 0.3007566 0.5253096 0.1622922 0.2888400 0.2941481 0.1441256 0.3028407 0.4215106 8.9999987 0.1127347 9.0000000 0.1554085 0.0896856 0.2896276 0.2407819 0.1399226 0.2751795 0.0245247 0.1065110 1.6728362 0.1502276 0.1138517 0.4229470 0.0000010 0.3118270 0.0287944 
Megalobrama_amblycephala_rna_XM_048174943_1     0.1994062 0.1358735 0.3096075 0.3060320 0.3322348 0.2137227 0.3405339 0.1755123 0.3666881 0.3546659 0.3523935 0.2886232 0.3060725 0.3666573 0.2514475 0.3369333 0.3240079 0.4056744 0.4868239 0.0000000 0.2039732 0.2174081 0.3007529 0.3286185 0.4051951 0.3671926 0.2243280 0.2599753 0.1989109 0.2021742 0.1899069 0.7595526 0.3177648 0.1973403 0.2138503 0.3547608 0.1995912 0.3937878 0.3642005 0.3467815 0.3393591 0.3471092 0.3113178 0.2030651 0.2428482 0.3258745 0.2831501 0.3035996 0.4714769 0.2868361 0.3524903 0.3173505 0.1195006 0.2409556 0.2217206 0.3081251 
Megalobrama_amblycephala_rna_XM_048174907_1     0.1409856 0.1762058 0.3577010 0.3473376 0.3707865 0.1646370 0.3719226 0.1624894 0.4379671 0.3775491 0.4168568 0.2928195 0.3509580 0.4616595 0.1250801 0.4122375 0.4103728 0.2782171 0.2606426 0.2039732 0.0000000 0.1063739 0.4141417 0.3706141 0.4547355 0.3886186 0.1299810 0.2886934 0.1625564 0.1301874 0.1465882 0.3638725 0.4068118 0.1362773 0.1481652 0.3866036 0.0853781 0.4457670 0.6702807 0.4095395 0.4481879 0.3978321 0.4457967 0.1240106 0.2399968 0.3805556 0.3125835 0.3454033 0.4782257 0.3131403 0.3912935 0.3728495 0.1606924 0.2889445 0.1176109 0.3408492 
Megalobrama_amblycephala_rna_XM_048174940_1     0.1124629 0.1754781 0.3761722 0.3430200 0.3942464 0.1728674 0.4058010 0.1570342 0.4543383 0.4073924 0.4304781 0.2794058 0.3465414 0.4657527 0.1364499 0.4065005 0.4144466 0.2645541 0.2625041 0.2174081 0.1063739 0.0000000 0.4579551 0.4020806 0.4854385 0.4323311 0.0970947 0.2912110 0.1450310 0.1286868 0.1201797 0.3355631 0.4109397 0.1348746 0.1189282 0.4191301 0.0887164 0.4643633 0.6896372 0.4294002 0.4799930 0.4251367 0.4304842 0.1265031 0.2258548 0.4116869 0.3081616 0.3411395 0.5138502 0.3596999 0.4263149 0.3800930 0.1743467 0.2813790 0.1240525 0.3399169 
Cyprinus_carpio_rna_XM_042721435_1              0.4352237 0.3533948 0.1461568 0.1489810 0.1721330 0.4498438 0.2290765 0.3778181 0.1186539 0.1403976 0.1713724 0.4309726 0.1532650 0.1885045 0.4958074 0.1398446 0.1473655 0.3786064 6.8132603 0.3007529 0.4141417 0.4579551 0.0000000 0.2031183 0.2705521 0.1679968 0.4526849 0.4612511 0.4466768 0.4437070 0.6950527 1.7619716 0.1431694 0.4298496 0.6730833 0.1480442 0.4098854 0.6800787 0.2004388 0.1649137 0.2663465 0.1281904 0.1557223 0.4977518 0.4420833 0.1241740 0.4290051 0.1489810 0.2779045 0.4549575 0.1231789 0.1415020 0.2999885 0.1374925 0.4924090 0.1490196 
Onychostoma_macrolepis_rna_XM_058768438_1       0.3631529 0.3144555 0.1220426 0.1400126 0.1311702 0.4036599 0.0925586 0.3284068 0.1431680 0.1315856 0.1592832 0.3632255 0.1422756 0.1416245 0.4312656 0.1538114 0.1680127 0.1391774 0.1182409 0.3286185 0.3706141 0.4020806 0.2031183 0.0000000 0.2341176 0.0421883 0.3868142 0.4157262 0.3874896 0.4059328 0.4572575 0.5912263 0.1656338 0.3898081 0.4514427 0.1404815 0.3575024 0.5498193 0.2244964 0.1064368 0.2658735 0.1246671 0.1191334 0.4152307 0.3894848 0.1361921 0.3601417 0.1388473 0.1185783 0.6368190 0.1484113 0.1252770 0.3025666 0.1439204 0.4164114 0.1432658 
Puntigrus_tetrazona_rna_XM_043237352_1          0.4737496 0.4006289 0.1756902 0.2053845 0.2137233 0.4828919 0.2151700 0.4290600 0.2341750 0.2080397 0.2364773 0.4599281 0.2092677 0.2455576 0.5232794 0.2177271 0.2327292 0.2261866 0.2041806 0.4051951 0.4547355 0.4854385 0.2705521 0.2341176 0.0000000 0.2199458 0.4707105 0.5217106 0.5019932 0.4455030 0.5700341 0.7017463 0.2315829 0.4607606 0.5662524 0.2122866 0.4143657 0.7088711 0.3413736 0.1942632 0.3508734 0.2008419 0.2139492 0.4964694 0.4872549 0.2166107 0.4678955 0.2040161 0.2709655 0.7030255 0.2170773 0.1892803 0.3799300 0.1698408 0.4935954 0.2054020 
Onychostoma_macrolepis_rna_XM_058769701_1       0.4139384 0.3343941 0.0968956 0.1186256 0.1096859 0.4502058 0.0602144 0.3524820 0.1189567 0.1340225 0.1435065 0.3894484 0.1200165 0.1353833 0.4674687 0.1326969 0.1464484 0.1495293 0.1227506 0.3671926 0.3886186 0.4323311 0.1679968 0.0421883 0.2199458 0.0000000 0.4062613 0.4348888 0.4337695 0.3614683 0.4577962 0.6628186 0.1437186 0.4343580 0.4618055 0.1277230 0.3267157 0.3859778 0.2190889 0.0961774 0.2672928 0.1247717 0.1098952 0.4111580 0.3904707 0.1186653 0.3736306 0.1172568 0.0763714 0.7702577 0.1172019 0.1016245 0.3238468 1.3592924 0.4308710 0.1237687 
Megalobrama_amblycephala_rna_XM_048174899_1     0.1112486 0.1789804 0.3721456 0.3556071 0.3955187 0.1610556 0.3837836 0.1722878 0.4643968 0.3857039 0.4213305 0.2888646 0.3592388 0.4421331 0.1416737 0.4260649 0.4269153 0.2853389 0.2721618 0.2243280 0.1299810 0.0970947 0.4526849 0.3868142 0.4707105 0.4062613 0.0000000 0.2722663 0.1493932 0.1222903 0.1185356 0.3314988 0.4289698 0.1301649 0.0296056 0.4081456 0.0949290 0.4342794 0.6702811 0.4053513 0.4616134 0.4135527 0.4354740 0.1196045 0.2051306 0.4049619 0.2991408 0.3536642 0.4952424 0.3604575 0.4133102 0.3821989 0.1875128 0.2747315 0.1244633 0.3524177 
Pimephales_promelas_rna_XM_039662957_1          0.2630431 0.2475168 0.3803038 0.3531509 0.4026867 0.2969104 0.4129879 0.2132099 0.4657950 0.3968854 0.4310457 0.3002677 0.3581858 0.4686376 0.3025756 0.4273474 0.4193211 0.2612326 0.2642220 0.2599753 0.2886934 0.2912110 0.4612511 0.4157262 0.5217106 0.4348888 0.2722663 0.0000000 0.3090948 0.2492144 0.3193740 0.4240499 0.4161742 0.2503976 0.3492822 0.4220115 0.2018800 0.5136654 0.7124875 0.4098315 0.4695036 0.4059562 0.4457778 0.2841633 0.1541858 0.4056170 0.3005473 0.3512647 0.5259422 0.4929169 0.4143793 0.3896817 0.2325249 0.3185510 0.2747929 0.3483317 
Megalobrama_amblycephala_rna_XM_048175468_1     0.1373965 0.1945042 0.3952439 0.3498713 0.3993012 0.1507250 0.4082325 0.1658122 0.4547086 0.4146347 0.4373255 0.2887022 0.3534533 0.4979274 0.2005160 0.4272209 0.4237107 0.2856930 0.2871560 0.1989109 0.1625564 0.1450310 0.4466768 0.3874896 0.5019932 0.4337695 0.1493932 0.3090948 0.0000000 0.1686200 0.1650853 0.3098668 0.4240542 0.1273910 0.1840415 0.4298379 0.1112265 0.4094215 0.6590595 0.4457553 0.4303655 0.4181136 0.4326976 0.1620256 0.2358243 0.4222159 0.3144038 0.3479565 0.5200775 0.3947355 0.4292716 0.3999008 0.1725762 0.2954077 0.1670424 0.3467206 
Megalobrama_amblycephala_rna_XM_048175521_1     0.1343719 0.1854887 0.3778833 0.3481558 0.3747781 0.1840283 0.4941166 0.1874968 0.4484525 0.3518063 0.4095597 0.2561667 0.3502805 0.4388196 0.1371637 0.3898875 0.4012126 0.3079857 0.3295337 0.2021742 0.1301874 0.1286868 0.4437070 0.4059328 0.4455030 0.3614683 0.1222903 0.2492144 0.1686200 0.0000000 0.1310139 0.2508166 0.3926308 0.1295279 0.1496510 0.3951218 0.0936808 0.5494547 0.8049204 0.3704102 0.3659984 0.3818334 0.3801305 0.1557682 0.2042495 0.3850647 0.3072395 0.3458071 0.4110762 0.4570318 0.4070615 0.3868873 0.1848681 0.3011274 0.1787669 0.3462944 
Megalobrama_amblycephala_rna_XM_048174922_1     0.1411641 0.1637817 0.4668638 0.4165002 0.4745823 0.1771844 0.4631281 0.1699659 0.6404356 0.4797905 0.4819866 0.2822859 0.4205035 0.4931546 0.1349186 0.4798121 0.4744150 0.3056790 0.3007566 0.1899069 0.1465882 0.1201797 0.6950527 0.4572575 0.5700341 0.4577962 0.1185356 0.3193740 0.1650853 0.1310139 0.0000000 0.2244560 0.4792427 0.1177061 0.1366737 0.5235359 0.0926206 0.2261936 0.9313793 0.4736295 1.6764316 0.5186063 0.4649751 0.0960179 0.2588565 0.5262009 0.3492265 0.4125874 0.4405574 0.4049141 0.4911474 0.4630017 0.1591947 0.0000010 0.0681184 0.4128196 
Anabarilius_grahami_mrna_DPX16_7172             0.3339954 0.3895012 0.6507684 0.5525968 0.5915880 0.3265189 0.6509618 0.4309826 2.0236676 0.6894347 0.6195860 0.4055963 0.5428174 0.6910531 0.3089120 0.5040200 0.6069175 0.5647495 0.5253096 0.7595526 0.3638725 0.3355631 1.7619716 0.5912263 0.7017463 0.6628186 0.3314988 0.4240499 0.3098668 0.2508166 0.2244560 0.0000000 0.6225784 0.2717360 0.3174005 0.6256716 0.2874974 2.0239087 2.9945551 0.6477327 0.9825874 0.7016140 2.3165228 0.3385813 0.3314227 0.6736765 0.4488398 0.5399597 0.5732440 2.8076905 0.6320914 0.6075351 0.6960252 0.0000010 0.2294787 0.5525968 
Carassius_auratus_rna_XM_026265006_1            0.4023725 0.3206392 0.1041348 0.1390204 0.1231813 0.4044874 0.1611285 0.3436360 0.1820525 0.1058811 0.0649889 0.3800831 0.1390546 0.1524708 0.4455283 0.0710466 0.0074129 0.1760292 0.1622922 0.3177648 0.4068118 0.4109397 0.1431694 0.1656338 0.2315829 0.1437186 0.4289698 0.4161742 0.4240542 0.3926308 0.4792427 0.6225784 0.0000000 0.4028914 0.4933661 0.0950954 0.3644850 0.6003648 0.2670127 0.1228249 0.2667251 0.1010137 0.1530194 0.4429082 0.3949226 0.0981192 0.3824145 0.1378571 0.1989008 0.6263881 0.1030340 0.1024406 0.2913870 0.1294810 0.4324141 0.1411728 
Megalobrama_amblycephala_rna_XM_048174898_1     0.1251244 0.1902898 0.3766801 0.3304478 0.3857933 0.1332899 0.3961793 0.1664868 0.4410433 0.3860959 0.4089173 0.2723578 0.3338862 0.4454399 0.1721744 0.4087497 0.4025701 0.2949115 0.2888400 0.1973403 0.1362773 0.1348746 0.4298496 0.3898081 0.4607606 0.4343580 0.1301649 0.2503976 0.1273910 0.1295279 0.1177061 0.2717360 0.4028914 0.0000000 0.1578816 0.4092766 0.1109880 0.4574374 0.6644388 0.4272608 0.4390069 0.3889012 0.4162531 0.1459736 0.2027798 0.3960263 0.2966022 0.3286153 0.5155430 0.3427096 0.4032253 0.3753593 0.1637931 0.2467887 0.0980923 0.3273286 
Megalobrama_amblycephala_rna_XM_048175501_1     0.1444740 0.1688359 0.4332471 0.4269525 0.4750005 0.1920317 0.4456324 0.1677970 0.6663312 0.4906870 0.4769787 0.3309460 0.4307628 0.4696008 0.1593522 0.4969938 0.4856006 0.3093504 0.2941481 0.2138503 0.1481652 0.1189282 0.6730833 0.4514427 0.5662524 0.4618055 0.0296056 0.3492822 0.1840415 0.1496510 0.1366737 0.3174005 0.4933661 0.1578816 0.0000000 0.4882048 0.1431006 0.1891731 0.8400592 0.4468719 1.1635265 0.4987935 0.4779914 0.1280684 0.2680253 0.4858958 0.3724693 0.4232251 0.4450787 0.5285039 0.5082072 0.4466036 0.1754312 0.0000010 0.1458134 0.4178069 
Cyprinus_carpio_rna_XM_042721001_1              0.4001894 0.3450607 0.0873601 0.1296522 0.1130612 0.4259796 0.1348429 0.3701500 0.1670067 0.0911616 0.1104877 0.3987425 0.1318902 0.1342630 0.4566319 0.0824771 0.0950352 0.1492542 0.1441256 0.3547608 0.3866036 0.4191301 0.1480442 0.1404815 0.2122866 0.1277230 0.4081456 0.4220115 0.4298379 0.3951218 0.5235359 0.6256716 0.0950954 0.4092766 0.4882048 0.0000000 0.3613200 0.6460817 0.2430313 0.0874553 0.2658725 0.0839390 0.1409717 0.4357977 0.3931741 0.0642724 0.3818769 0.1285024 0.1851077 0.6111775 0.0866716 0.0962718 0.3219653 0.1236075 0.4267371 0.1339943 
Anabarilius_grahami_mrna_DPX16_0591             0.1041888 0.1754783 0.3384310 0.3043934 0.3279044 0.1381839 0.3628115 0.1616684 0.4378469 0.3014347 0.3714707 0.2180540 0.3044362 0.3823745 0.1027912 0.3462823 0.3640597 0.2834290 0.3028407 0.1995912 0.0853781 0.0887164 0.4098854 0.3575024 0.4143657 0.3267157 0.0949290 0.2018800 0.1112265 0.0936808 0.0926206 0.2874974 0.3644850 0.1109880 0.1431006 0.3613200 0.0000000 0.6359789 1.1526552 0.3322457 0.3204031 0.3436834 0.2928665 0.1172408 0.1556436 0.3491705 0.2427592 0.3018074 0.4274304 0.4393364 0.3601444 0.3534948 0.1682427 0.2577495 0.1409749 0.3045172 
Anabarilius_grahami_mrna_DPX16_0417             0.4129917 0.3770471 0.5739957 0.5429628 0.6310344 0.4703910 0.5840477 0.4246840 0.5827105 0.6155621 0.6244932 0.5199956 0.5429628 0.4100202 0.5293755 0.6349578 0.6062674 0.2997873 0.4215106 0.3937878 0.4457670 0.4643633 0.6800787 0.5498193 0.7088711 0.3859778 0.4342794 0.5136654 0.4094215 0.5494547 0.2261936 2.0239087 0.6003648 0.4574374 0.1891731 0.6460817 0.6359789 0.0000000 0.4889865 0.4057602 0.9842172 0.6122689 0.3349171 0.4381441 0.5138833 0.6180556 0.5040599 0.5429628 0.3575792 0.4403793 0.6258580 0.5794843 0.3709975 6.0183122 0.4515012 0.5386803 
Pangasianodon_gigas_PGIGA_T00102290             0.6721670 0.5870063 0.1840916 0.1294221 0.2310202 0.6784073 0.2030236 0.5549174 0.1861168 0.2647935 0.2692343 0.5964235 0.1338958 0.2306158 0.8235734 0.2502425 0.2670127 1.3543157 8.9999987 0.3642005 0.6702807 0.6896372 0.2004388 0.2244964 0.3413736 0.2190889 0.6702811 0.7124875 0.6590595 0.8049204 0.9313793 2.9945551 0.2670127 0.6644388 0.8400592 0.2430313 1.1526552 0.4889865 0.0000000 0.1936030 0.2492186 0.2424304 0.0511033 0.7022888 0.5872465 0.2585370 0.5808330 0.1294221 0.2351220 0.7781497 0.2398579 0.2022250 0.3437414 0.0000010 0.6050054 0.1401906 
Sinocyclocheilus_rhinocerous_rna_XM_016548717_1 0.4157850 0.3251458 0.0367857 0.1051238 0.1000146 0.4467813 0.0966776 0.3568545 0.1450523 0.1073734 0.1188138 0.3891030 0.1064763 0.0914153 0.4723196 0.0974926 0.1226810 0.1192557 0.1127347 0.3467815 0.4095395 0.4294002 0.1649137 0.1064368 0.1942632 0.0961774 0.4053513 0.4098315 0.4457553 0.3704102 0.4736295 0.6477327 0.1228249 0.4272608 0.4468719 0.0874553 0.3322457 0.4057602 0.1936030 0.0000000 0.2717374 0.0959657 0.0960960 0.4087355 0.3752536 0.0962074 0.3642603 0.1037914 0.1066865 0.7748320 0.0924968 0.0448969 0.3075104 9.0000000 0.4187652 0.1101645 
Labeo_rohita_rna_XM_051102031_1                 0.4488125 0.3927076 0.2422201 0.2119733 0.2515953 0.4679515 0.2442123 0.3715011 0.2296153 0.2651700 0.2812615 0.4200023 0.2166746 0.3398945 0.5373159 0.2819517 0.2694250 1.4868819 9.0000000 0.3393591 0.4481879 0.4799930 0.2663465 0.2658735 0.3508734 0.2672928 0.4616134 0.4695036 0.4303655 0.3659984 1.6764316 0.9825874 0.2667251 0.4390069 1.1635265 0.2658725 0.3204031 0.9842172 0.2492186 0.2717374 0.0000000 0.2594858 0.2412883 0.4502612 0.4389832 0.2696375 0.3633802 0.2119733 0.5203548 0.4027185 0.2659168 0.2541187 0.3113523 0.1903875 0.4333062 0.2166746 
Carassius_gibelio_rna_XM_052551420_1            0.3961025 0.3423428 0.0848179 0.1262346 0.1073954 0.4115242 0.1280039 0.3724712 0.1643148 0.0366837 0.1053158 0.3805078 0.1284884 0.1355702 0.4547469 0.0901619 0.1041598 0.1669985 0.1554085 0.3471092 0.3978321 0.4251367 0.1281904 0.1246671 0.2008419 0.1247717 0.4135527 0.4059562 0.4181136 0.3818334 0.5186063 0.7016140 0.1010137 0.3889012 0.4987935 0.0839390 0.3436834 0.6122689 0.2424304 0.0959657 0.2594858 0.0000000 0.1349453 0.4217389 0.3972242 0.0907731 0.3703971 0.1250777 0.1948469 0.6320313 0.0653409 0.0916451 0.3195355 0.1112644 0.4065542 0.1273358 
Pangasianodon_gigas_PGIGA_T00260940             0.4309803 0.3162224 0.0875145 0.0293382 0.1292544 0.4760735 0.1037560 0.3060710 0.0997846 0.1547968 0.1543491 0.3733410 0.0323943 0.1311973 0.4832004 0.1445638 0.1548918 0.0544964 0.0896856 0.3113178 0.4457967 0.4304842 0.1557223 0.1191334 0.2139492 0.1098952 0.4354740 0.4457778 0.4326976 0.3801305 0.4649751 2.3165228 0.1530194 0.4162531 0.4779914 0.1409717 0.2928665 0.3349171 0.0511033 0.0960960 0.2412883 0.1349453 0.0000000 0.4336946 0.3812695 0.1564005 0.3734628 0.0293382 0.1198114 0.2610388 0.1427705 0.0997678 0.2763337 0.0000010 0.4050873 0.0384456 
Anabarilius_grahami_mrna_DPX16_0592             0.1534757 0.1861027 0.4014848 0.3838616 0.4157150 0.1705902 0.4179575 0.1838686 0.4801013 0.4012544 0.4368809 0.2774901 0.3875576 0.4755213 0.1512742 0.4343666 0.4425573 0.2891671 0.2896276 0.2030651 0.1240106 0.1265031 0.4977518 0.4152307 0.4964694 0.4111580 0.1196045 0.2841633 0.1620256 0.1557682 0.0960179 0.3385813 0.4429082 0.1459736 0.1280684 0.4357977 0.1172408 0.4381441 0.7022888 0.4087355 0.4502612 0.4217389 0.4336946 0.0000000 0.2392706 0.4242722 0.3164936 0.3818758 0.5025405 0.3581103 0.4501961 0.4118350 0.1739084 0.2923379 0.1573160 0.3806385 
Megalobrama_amblycephala_rna_XM_048174896_1     0.2028151 0.2249193 0.3578147 0.3338939 0.3884100 0.2495838 0.3788633 0.1639585 0.4382791 0.3730532 0.3939131 0.2511623 0.3372950 0.4089919 0.2628310 0.3932191 0.3979740 0.2546066 0.2407819 0.2428482 0.2399968 0.2258548 0.4420833 0.3894848 0.4872549 0.3904707 0.2051306 0.1541858 0.2358243 0.2042495 0.2588565 0.3314227 0.3949226 0.2027798 0.2680253 0.3931741 0.1556436 0.5138833 0.5872465 0.3752536 0.4389832 0.3972242 0.3812695 0.2392706 0.0000000 0.3876975 0.2667417 0.3320802 0.4608096 0.4160486 0.3954505 0.3551622 0.2001648 0.2755014 0.2272597 0.3308156 
Cyprinus_carpio_rna_XM_042759291_1              0.3964426 0.3345528 0.0904558 0.1297421 0.1142551 0.4126192 0.1406092 0.3434113 0.1555801 0.0931574 0.1137181 0.3921434 0.1319822 0.1344428 0.4384291 0.0928003 0.0980570 0.1607615 0.1399226 0.3258745 0.3805556 0.4116869 0.1241740 0.1361921 0.2166107 0.1186653 0.4049619 0.4056170 0.4222159 0.3850647 0.5262009 0.6736765 0.0981192 0.3960263 0.4858958 0.0642724 0.3491705 0.6180556 0.2585370 0.0962074 0.2696375 0.0907731 0.1564005 0.4242722 0.3876975 0.0000000 0.3775146 0.1285911 0.1995041 0.6188062 0.0825100 0.0983029 0.3080651 0.1229634 0.4220435 0.1308362 
Sinocyclocheilus_anshuiensis_rna_XM_016468474_1 0.2830558 0.2597907 0.3433725 0.3210937 0.3693657 0.3207661 0.3700229 0.2454809 0.4157389 0.3754664 0.3964868 0.1174238 0.3244163 0.4269272 0.3313428 0.3840069 0.3855127 0.2758531 0.2751795 0.2831501 0.3125835 0.3081616 0.4290051 0.3601417 0.4678955 0.3736306 0.2991408 0.3005473 0.3144038 0.3072395 0.3492265 0.4488398 0.3824145 0.2966022 0.3724693 0.3818769 0.2427592 0.5040599 0.5808330 0.3642603 0.3633802 0.3703971 0.3734628 0.3164936 0.2667417 0.3775146 0.0000000 0.3193252 0.4743151 0.4881266 0.3912756 0.3272932 0.2463958 0.2536748 0.2923140 0.3178646 
Pangasianodon_hypophthalmus_rna_XM_053237136_1  0.3285370 0.2959438 0.0892132 0.0008116 0.1148784 0.3676791 0.1375745 0.2775160 0.1401060 0.1393557 0.1581038 0.3173111 0.0040724 0.1361154 0.3715065 0.1271386 0.1388561 0.0484393 0.0245247 0.3035996 0.3454033 0.3411395 0.1489810 0.1388473 0.2040161 0.1172568 0.3536642 0.3512647 0.3479565 0.3458071 0.4125874 0.5399597 0.1378571 0.3286153 0.4232251 0.1285024 0.3018074 0.5429628 0.1294221 0.1037914 0.2119733 0.1250777 0.0293382 0.3818758 0.3320802 0.1285911 0.3193252 0.0000000 0.1696724 0.5539114 0.1236643 0.0945609 0.2800249 0.0819635 0.3595547 0.0065268 
Onychostoma_macrolepis_rna_XM_058769902_1       0.4980661 0.4013896 0.1438004 0.1714217 0.1753351 0.5263665 0.0971045 0.4160944 0.2216402 0.1841661 0.1918818 0.4414375 0.1731724 0.1417040 0.5090079 0.1951559 0.1990076 0.1328658 0.1065110 0.4714769 0.4782257 0.5138502 0.2779045 0.1185783 0.2709655 0.0763714 0.4952424 0.5259422 0.5200775 0.4110762 0.4405574 0.5732440 0.1989008 0.5155430 0.4450787 0.1851077 0.4274304 0.3575792 0.2351220 0.1066865 0.5203548 0.1948469 0.1198114 0.5025405 0.4608096 0.1995041 0.4743151 0.1696724 0.0000000 0.7871849 0.1833148 0.1467568 0.4181871 3.6647760 0.5039164 0.1778371 
Anabarilius_grahami_mrna_DPX16_7169             0.3671729 0.4431922 0.6188043 0.5493606 0.6062708 0.3793249 0.8009834 0.4293082 0.4824414 0.5564725 0.6441457 0.4769672 0.5526059 0.8451522 0.3936824 0.6185765 0.6253271 0.9320766 1.6728362 0.2868361 0.3131403 0.3596999 0.4549575 0.6368190 0.7030255 0.7702577 0.3604575 0.4929169 0.3947355 0.4570318 0.4049141 2.8076905 0.6263881 0.3427096 0.5285039 0.6111775 0.4393364 0.4403793 0.7781497 0.7748320 0.4027185 0.6320313 0.2610388 0.3581103 0.4160486 0.6188062 0.4881266 0.5539114 0.7871849 0.0000000 0.6191546 0.5991122 0.2602247 0.2439916 0.3273664 0.5530128 
Carassius_auratus_rna_XM_026243633_1            0.3901887 0.3396351 0.0892925 0.1247886 0.1147384 0.4206273 0.1480118 0.3674545 0.1675392 0.0348450 0.1088276 0.3929124 0.1248192 0.1269894 0.4443173 0.0954588 0.1040961 0.1567242 0.1502276 0.3524903 0.3912935 0.4263149 0.1231789 0.1484113 0.2170773 0.1172019 0.4133102 0.4143793 0.4292716 0.4070615 0.4911474 0.6320914 0.1030340 0.4032253 0.5082072 0.0866716 0.3601444 0.6258580 0.2398579 0.0924968 0.2659168 0.0653409 0.1427705 0.4501961 0.3954505 0.0825100 0.3912756 0.1236643 0.1833148 0.6191546 0.0000000 0.0951850 0.3199426 0.1118284 0.4307173 0.1247734 
Sinocyclocheilus_grahami_rna_XM_016259813_1     0.3713525 0.3069956 0.0454410 0.0956083 0.0952018 0.4014569 0.1217032 0.3195391 0.1293476 0.1036601 0.1175187 0.3347480 0.0976623 0.1022305 0.4240039 0.0973967 0.1033885 0.1297780 0.1138517 0.3173505 0.3728495 0.3800930 0.1415020 0.1252770 0.1892803 0.1016245 0.3821989 0.3896817 0.3999008 0.3868873 0.4630017 0.6075351 0.1024406 0.3753593 0.4466036 0.0962718 0.3534948 0.5794843 0.2022250 0.0448969 0.2541187 0.0916451 0.0997678 0.4118350 0.3551622 0.0983029 0.3272932 0.0945609 0.1467568 0.5991122 0.0951850 0.0000000 0.2918517 0.1122504 0.4050125 0.0985967 
Megalobrama_amblycephala_rna_XM_048174918_1     0.1790619 0.0806489 0.2812732 0.2797558 0.3203545 0.2093041 0.3119577 0.1456099 0.3409651 0.3230491 0.3236912 0.2506407 0.2759239 0.3153867 0.2177312 0.3180700 0.3012559 0.3546052 0.4229470 0.1195006 0.1606924 0.1743467 0.2999885 0.3025666 0.3799300 0.3238468 0.1875128 0.2325249 0.1725762 0.1848681 0.1591947 0.6960252 0.2913870 0.1637931 0.1754312 0.3219653 0.1682427 0.3709975 0.3437414 0.3075104 0.3113523 0.3195355 0.2763337 0.1739084 0.2001648 0.3080651 0.2463958 0.2800249 0.4181871 0.2602247 0.3199426 0.2918517 0.0000000 0.2696284 0.1775179 0.2778373 
Pangasianodon_gigas_PGIGA_T00260930             0.2576443 0.2609343 0.1177293 0.0819635 0.1059349 0.2862943 0.0947098 0.2795303 0.1112673 0.0485263 0.1304297 0.2375562 0.0874785 0.0000010 0.3245624 0.1239807 0.1358645 0.0000010 0.0000010 0.2409556 0.2889445 0.2813790 0.1374925 0.1439204 0.1698408 1.3592924 0.2747315 0.3185510 0.2954077 0.3011274 0.0000010 0.0000010 0.1294810 0.2467887 0.0000010 0.1236075 0.2577495 6.0183122 0.0000010 9.0000000 0.1903875 0.1112644 0.0000010 0.2923379 0.2755014 0.1229634 0.2536748 0.0819635 3.6647760 0.2439916 0.1118284 0.1122504 0.2696284 0.0000000 0.2730220 0.0875491 
Megalobrama_amblycephala_rna_XM_048174889_1     0.1368840 0.2031266 0.4045622 0.3614525 0.4130286 0.1536803 0.4548565 0.1906613 0.4716146 0.3865390 0.4372375 0.2701844 0.3649963 0.4692349 0.1526982 0.4332174 0.4320736 0.3316058 0.3118270 0.2217206 0.1176109 0.1240525 0.4924090 0.4164114 0.4935954 0.4308710 0.1244633 0.2747929 0.1670424 0.1787669 0.0681184 0.2294787 0.4324141 0.0980923 0.1458134 0.4267371 0.1409749 0.4515012 0.6050054 0.4187652 0.4333062 0.4065542 0.4050873 0.1573160 0.2272597 0.4220435 0.2923140 0.3595547 0.5039164 0.3273664 0.4307173 0.4050125 0.1775179 0.2730220 0.0000000 0.3597577 
Pangasianodon_hypophthalmus_rna_XM_053237209_1  0.3304352 0.2962669 0.0931909 0.0057032 0.1190779 0.3663357 0.1420065 0.2795321 0.1423444 0.1394358 0.1627557 0.3143438 0.0089938 0.1377385 0.3701907 0.1314614 0.1421764 0.0513345 0.0287944 0.3081251 0.3408492 0.3399169 0.1490196 0.1432658 0.2054020 0.1237687 0.3524177 0.3483317 0.3467206 0.3462944 0.4128196 0.5525968 0.1411728 0.3273286 0.4178069 0.1339943 0.3045172 0.5386803 0.1401906 0.1101645 0.2166746 0.1273358 0.0384456 0.3806385 0.3308156 0.1308362 0.3178646 0.0065268 0.1778371 0.5530128 0.1247734 0.0985967 0.2778373 0.0875491 0.3597577 0.0000000 
