15
Engraulis_encrasicolus_rna_XM_063198403_1   0.0000000 1.1573672 0.4393583 0.5902056 0.4823082 0.4651164 0.6126877 0.5972150 0.7004588 0.5383620 0.5932011 0.6928004 0.5756283 0.5996259 0.5041532 
Sardina_pilchardus_rna_XM_062526471_1       1.1573672 0.0000000 1.3661466 1.1260512 1.3591790 1.3960158 1.1260773 1.1664600 1.2763031 1.3864782 1.1135039 1.3520326 1.1329963 1.1498918 1.2545527 
Engraulis_encrasicolus_rna_XM_063207824_1   0.4393583 1.3661466 0.0000000 0.5712486 0.3860902 0.1031756 0.5975890 0.5702763 0.5995265 0.4233364 0.5661219 0.6221735 0.5698330 0.5951862 0.3592731 
Osmerus_eperlanus_rna_XM_062468699_1        0.5902056 1.1260512 0.5712486 0.0000000 0.4629138 0.5766928 0.0618720 0.0734352 0.0368969 0.4979001 0.0104048 0.1237518 0.0798434 0.0715116 0.4798575 
Engraulis_encrasicolus_rna_XM_063208130_1   0.4823082 1.3591790 0.3860902 0.4629138 0.0000000 0.4227956 0.4819301 0.5009678 0.5422379 0.2301852 0.4640740 0.5774949 0.5029893 0.4897836 0.2376891 
Engraulis_encrasicolus_rna_XM_063208134_1   0.4651164 1.3960158 0.1031756 0.5766928 0.4227956 0.0000000 0.6004465 0.6084087 0.5476157 0.4428885 0.5732557 0.5608984 0.5509304 0.5909026 0.4251328 
Hypomesus_transpacificus_rna_XM_047045786_1 0.6126877 1.1260773 0.5975890 0.0618720 0.4819301 0.6004465 0.0000000 0.0896453 0.1087743 0.5296974 0.0627336 0.1390528 0.0915446 0.0433035 0.5109793 
Clupea_harengus_rna_XM_031565905_1          0.5972150 1.1664600 0.5702763 0.0734352 0.5009678 0.6084087 0.0896453 0.0000000 0.0927110 0.5217753 0.0772673 0.0898021 0.0794272 0.0917583 0.5190356 
Osmerus_eperlanus_rna_XM_062468715_1        0.7004588 1.2763031 0.5995265 0.0368969 0.5422379 0.5476157 0.1087743 0.0927110 0.0000000 0.5467896 0.0035551 0.1233436 0.0674903 0.1206961 0.5359998 
Engraulis_encrasicolus_rna_XM_063194184_1   0.5383620 1.3864782 0.4233364 0.4979001 0.2301852 0.4428885 0.5296974 0.5217753 0.5467896 0.0000000 0.4951722 0.5837950 0.5108058 0.5381966 0.0206429 
Osmerus_eperlanus_rna_XM_062468701_1        0.5932011 1.1135039 0.5661219 0.0104048 0.4640740 0.5732557 0.0627336 0.0772673 0.0035551 0.4951722 0.0000000 0.1249873 0.0808550 0.0703176 0.4780940 
Clupea_harengus_rna_XM_031565911_2          0.6928004 1.3520326 0.6221735 0.1237518 0.5774949 0.5608984 0.1390528 0.0898021 0.1233436 0.5837950 0.1249873 0.0000000 0.1109451 0.1453907 0.5792106 
Clupea_harengus_rna_XM_042707511_1          0.5756283 1.1329963 0.5698330 0.0798434 0.5029893 0.5509304 0.0915446 0.0794272 0.0674903 0.5108058 0.0808550 0.1109451 0.0000000 0.1022796 0.5094617 
Hypomesus_transpacificus_rna_XM_047045767_1 0.5996259 1.1498918 0.5951862 0.0715116 0.4897836 0.5909026 0.0433035 0.0917583 0.1206961 0.5381966 0.0703176 0.1453907 0.1022796 0.0000000 0.5075353 
Engraulis_encrasicolus_rna_XM_063208132_1   0.5041532 1.2545527 0.3592731 0.4798575 0.2376891 0.4251328 0.5109793 0.5190356 0.5359998 0.0206429 0.4780940 0.5792106 0.5094617 0.5075353 0.0000000 
