9
Clupea_harengus_rna_XM_031581779_2          0.0000000 0.0253675 0.0398531 0.0160434 0.0114244 0.1044531 0.0045488 0.0183635 0.0206909 
Clupea_harengus_rna_XM_031564001_2          0.0253675 0.0000000 0.0279102 0.0183635 0.0230252 0.0915328 0.0253675 0.0114244 0.0230252 
Clupea_harengus_rna_XM_031564015_2          0.0398531 0.0279102 0.0000000 0.0326646 0.0374493 0.0921992 0.0398531 0.0302836 0.0326646 
Clupea_harengus_rna_XM_031563501_2          0.0160434 0.0183635 0.0326646 0.0000000 0.0137294 0.0966743 0.0160434 0.0114244 0.0137294 
Clupea_harengus_rna_XM_031581825_2          0.0114244 0.0230252 0.0374493 0.0137294 0.0000000 0.1018511 0.0068331 0.0160434 0.0183635 
Hypomesus_transpacificus_rna_XM_047032478_1 0.1044531 0.0915328 0.0921992 0.0966743 0.1018511 0.0000000 0.1044531 0.0940991 0.0966743 
Clupea_harengus_rna_XM_031581789_2          0.0045488 0.0253675 0.0398531 0.0160434 0.0068331 0.1044531 0.0000000 0.0183635 0.0206909 
Clupea_harengus_rna_XM_031563896_2          0.0183635 0.0114244 0.0302836 0.0114244 0.0160434 0.0940991 0.0183635 0.0000000 0.0160434 
Clupea_harengus_rna_XM_031564003_2          0.0206909 0.0230252 0.0326646 0.0137294 0.0183635 0.0966743 0.0206909 0.0160434 0.0000000 
