29
Sinocyclocheilus_anshuiensis_rna_XM_016459463_1      0.0000000 0.0531099 0.0935042 0.0208773 0.1215441 0.5932087 0.0501078 0.0676933 0.0268953 0.2176865 0.0925217 0.1355707 0.1485047 0.3586411 0.0498966 0.1457129 0.2173595 0.2552994 0.3207141 0.2284956 0.5772532 0.3237072 0.5854647 0.0580039 0.0949785 0.0901307 0.0757315 0.1239829 0.1136011 
Carassius_gibelio_rna_XM_052538799_1                 0.0531099 0.0000000 0.1041242 0.0611632 0.1517002 0.6385971 0.0262440 0.0935540 0.0526707 0.2442228 0.1233906 0.1673865 0.1737026 0.3996305 0.0041456 0.1745002 0.2424619 0.2755533 0.3594447 0.2568092 0.6143728 0.3603926 0.6244088 0.0828967 0.1244226 0.1166875 0.0949333 0.1545437 0.1398998 
Pangasius_djambal_PDJAM_T00012360                    0.0935042 0.1041242 0.0000000 0.1056982 0.1623589 0.4473168 0.1038287 0.1001262 0.1082987 0.2517290 0.1344748 0.1606858 0.1518418 0.3110553 0.1041000 0.1611172 0.2467622 0.2934493 0.3480209 0.2495120 0.4376089 0.3475505 0.4334412 0.0602823 0.1236131 0.1068069 0.0036790 0.1536479 0.1608617 
Sinocyclocheilus_grahami_rna_XM_016268950_1          0.0208773 0.0611632 0.1056982 0.0000000 0.1293181 0.5956927 0.0581281 0.0761092 0.0375112 0.2214999 0.0970873 0.1383546 0.1514300 0.3624913 0.0594701 0.1497950 0.2247703 0.2587301 0.3267404 0.2361719 0.5746457 0.3284616 0.5828040 0.0695103 0.0978764 0.0994175 0.0879347 0.1296931 0.1194785 
Puntigrus_tetrazona_rna_XM_043229772_1               0.1215441 0.1517002 0.1623589 0.1293181 0.0000000 0.6557805 0.1539953 0.1106186 0.1329686 0.2804023 0.1507387 0.2041997 0.2158636 0.3819635 0.1514201 0.2115265 0.2692333 0.3098044 0.3951122 0.2861315 0.6475486 0.3974746 0.6538962 0.1245492 0.1586659 0.1253316 0.1553095 0.1873425 0.1608991 
Xyrauchen_texanus_rna_XM_052119494_1                 0.5932087 0.6385971 0.4473168 0.5956927 0.6557805 0.0000000 0.6360264 0.6183588 0.6271214 0.6399103 0.6384043 0.6014285 0.6056294 0.8063659 0.6369658 0.6138218 0.5929434 0.5585200 0.7365942 0.6081525 0.0728381 0.7463219 0.0729210 0.6058336 0.6341857 0.4735286 0.4119988 0.5911215 0.4600629 
Carassius_carassius_rna_XM_059557239_1               0.0501078 0.0262440 0.1038287 0.0581281 0.1539953 0.6360264 0.0000000 0.0887640 0.0451645 0.2496111 0.1201145 0.1636577 0.1748854 0.3909052 0.0233088 0.1707860 0.2501578 0.2830374 0.3554161 0.2607739 0.6172752 0.3614854 0.6273765 0.0812642 0.1238553 0.1120869 0.0932795 0.1537556 0.1328657 
Onychostoma_macrolepis_rna_XM_058770295_1            0.0676933 0.0935540 0.1001262 0.0761092 0.1106186 0.6183588 0.0887640 0.0000000 0.0762187 0.2272148 0.0974961 0.1538984 0.1668100 0.3793278 0.0900776 0.1549539 0.2255301 0.2554990 0.3543181 0.2428489 0.6036275 0.3580454 0.6135446 0.0645926 0.1102344 0.0212660 0.0934291 0.1491041 0.1232676 
Cyprinus_carpio_rna_XM_042728143_1                   0.0268953 0.0526707 0.1082987 0.0375112 0.1329686 0.6271214 0.0451645 0.0762187 0.0000000 0.2145879 0.1039450 0.1389287 0.1484342 0.3719312 0.0495298 0.1513599 0.2151019 0.2487090 0.3282741 0.2280862 0.6018012 0.3308551 0.6117167 0.0689823 0.1003686 0.0984656 0.0866299 0.1260175 0.1129012 
Myxocyprinus_asiaticus_rna_XM_051717578_1            0.2176865 0.2442228 0.2517290 0.2214999 0.2804023 0.6399103 0.2496111 0.2272148 0.2145879 0.0000000 0.2509897 0.2235039 0.2226874 0.4363138 0.2414555 0.2286812 0.0878323 0.0807734 0.3316315 0.1095007 0.6414651 0.3354021 0.6517420 0.2365764 0.2385589 0.2127116 0.2398309 0.1947988 0.2038635 
Labeo_rohita_rna_XM_051103582_1                      0.0925217 0.1233906 0.1344748 0.0970873 0.1507387 0.6384043 0.1201145 0.0974961 0.1039450 0.2509897 0.0000000 0.1767010 0.1878566 0.4163020 0.1214038 0.1786354 0.2481447 0.2834991 0.3581954 0.2656091 0.6311894 0.3596555 0.6374026 0.1047982 0.0798419 0.1119707 0.1302379 0.1622297 0.1443886 
Ctenopharyngodon_idella_rna_XM_051888784_1           0.1355707 0.1673865 0.1606858 0.1383546 0.2041997 0.6014285 0.1636577 0.1538984 0.1389287 0.2235039 0.1767010 0.0000000 0.1127150 0.3492931 0.1651120 0.0392301 0.2178577 0.2631225 0.3488042 0.2313120 0.6014279 0.3601731 0.6074414 0.1552283 0.1718365 0.1421369 0.1583520 0.0912259 0.0263078 
Pimephales_promelas_rna_XM_039687464_1               0.1485047 0.1737026 0.1518418 0.1514300 0.2158636 0.6056294 0.1748854 0.1668100 0.1484342 0.2226874 0.1878566 0.1127150 0.0000000 0.3642512 0.1733646 0.1166411 0.2182632 0.2510160 0.3476939 0.2304989 0.6058699 0.3610486 0.6119510 0.1628567 0.1822493 0.1508010 0.1382296 0.0433475 0.0965946 
Danionella_translucida_DT02135_RA                    0.3586411 0.3996305 0.3110553 0.3624913 0.3819635 0.8063659 0.3909052 0.3793278 0.3719312 0.4363138 0.4163020 0.3492931 0.3642512 0.0000000 0.3987714 0.3680181 0.4353932 0.4730337 0.5670072 0.4449793 0.8120704 0.5912063 0.8237141 0.3931995 0.4095379 0.3444454 0.3201998 0.3532207 0.3149093 
Carassius_auratus_rna_XM_026200108_1                 0.0498966 0.0041456 0.1041000 0.0594701 0.1514201 0.6369658 0.0233088 0.0900776 0.0495298 0.2414555 0.1214038 0.1651120 0.1733646 0.3987714 0.0000000 0.1721738 0.2431961 0.2748919 0.3558414 0.2575503 0.6127759 0.3601198 0.6227998 0.0811241 0.1224155 0.1116511 0.0916236 0.1542510 0.1372260 
Megalobrama_amblycephala_rna_XM_048197940_1          0.1457129 0.1745002 0.1611172 0.1497950 0.2115265 0.6138218 0.1707860 0.1549539 0.1513599 0.2286812 0.1786354 0.0392301 0.1166411 0.3680181 0.1721738 0.0000000 0.2238189 0.2667091 0.3632019 0.2380499 0.6149958 0.3720698 0.6196210 0.1640337 0.1809600 0.1289355 0.1502615 0.0966632 0.0254467 
Myxocyprinus_asiaticus_rna_XM_051715317_1            0.2173595 0.2424619 0.2467622 0.2247703 0.2692333 0.5929434 0.2501578 0.2255301 0.2151019 0.0878323 0.2481447 0.2178577 0.2182632 0.4353932 0.2431961 0.2238189 0.0000000 0.1313504 0.3366248 0.0542733 0.5973203 0.3423396 0.6069808 0.2370161 0.2397391 0.2109617 0.2385648 0.1989188 0.1997472 
Xyrauchen_texanus_rna_XM_052138467_1                 0.2552994 0.2755533 0.2934493 0.2587301 0.3098044 0.5585200 0.2830374 0.2554990 0.2487090 0.0807734 0.2834991 0.2631225 0.2510160 0.4730337 0.2748919 0.2667091 0.1313504 0.0000000 0.3785275 0.1543946 0.5480894 0.3764800 0.5565021 0.2669969 0.2749323 0.2533679 0.2858032 0.2343269 0.2393315 
Misgurnus_anguillicaudatus_rna_XM_055194518_1        0.3207141 0.3594447 0.3480209 0.3267404 0.3951122 0.7365942 0.3554161 0.3543181 0.3282741 0.3316315 0.3581954 0.3488042 0.3476939 0.5670072 0.3558414 0.3632019 0.3366248 0.3785275 0.0000000 0.3408618 0.7167659 0.0468302 0.7203997 0.3553103 0.3593704 0.3379369 0.3368720 0.3294557 0.3244705 
Xyrauchen_texanus_rna_XM_052131238_1                 0.2284956 0.2568092 0.2495120 0.2361719 0.2861315 0.6081525 0.2607739 0.2428489 0.2280862 0.1095007 0.2656091 0.2313120 0.2304989 0.4449793 0.2575503 0.2380499 0.0542733 0.1543946 0.3408618 0.0000000 0.6115963 0.3453168 0.6181098 0.2492052 0.2589764 0.2204918 0.2320250 0.2094515 0.2097039 
Myxocyprinus_asiaticus_rna_XM_051690292_1            0.5772532 0.6143728 0.4376089 0.5746457 0.6475486 0.0728381 0.6172752 0.6036275 0.6018012 0.6414651 0.6311894 0.6014279 0.6058699 0.8120704 0.6127759 0.6149958 0.5973203 0.5480894 0.7167659 0.6115963 0.0000000 0.7262558 0.0082842 0.5969623 0.6262115 0.4565432 0.3974029 0.5879589 0.4616941 
Misgurnus_anguillicaudatus_rna_XM_055194515_1        0.3237072 0.3603926 0.3475505 0.3284616 0.3974746 0.7463219 0.3614854 0.3580454 0.3308551 0.3354021 0.3596555 0.3601731 0.3610486 0.5912063 0.3601198 0.3720698 0.3423396 0.3764800 0.0468302 0.3453168 0.7262558 0.0000000 0.7316313 0.3585913 0.3661263 0.3423870 0.3366530 0.3370667 0.3333188 
Myxocyprinus_asiaticus_rna_XM_051690293_1            0.5854647 0.6244088 0.4334412 0.5828040 0.6538962 0.0729210 0.6273765 0.6135446 0.6117167 0.6517420 0.6374026 0.6074414 0.6119510 0.8237141 0.6227998 0.6196210 0.6069808 0.5565021 0.7203997 0.6181098 0.0082842 0.7316313 0.0000000 0.6029440 0.6362814 0.4537898 0.4027243 0.5938499 0.4607137 
Pangasianodon_hypophthalmus_rna_XM_026945431_3       0.0580039 0.0828967 0.0602823 0.0695103 0.1245492 0.6058336 0.0812642 0.0645926 0.0689823 0.2365764 0.1047982 0.1552283 0.1628567 0.3931995 0.0811241 0.1640337 0.2370161 0.2669969 0.3553103 0.2492052 0.5969623 0.3585913 0.6029440 0.0000000 0.1045245 0.0914169 0.0476656 0.1444137 0.1176501 
Cirrhinus_molitorella_evm_model_Chr01_785            0.0949785 0.1244226 0.1236131 0.0978764 0.1586659 0.6341857 0.1238553 0.1102344 0.1003686 0.2385589 0.0798419 0.1718365 0.1822493 0.4095379 0.1224155 0.1809600 0.2397391 0.2749323 0.3593704 0.2589764 0.6262115 0.3661263 0.6362814 0.1045245 0.0000000 0.1270982 0.1238004 0.1604376 0.1410188 
Onychostoma_macrolepis_rna_XM_058768245_1            0.0901307 0.1166875 0.1068069 0.0994175 0.1253316 0.4735286 0.1120869 0.0212660 0.0984656 0.2127116 0.1119707 0.1421369 0.1508010 0.3444454 0.1116511 0.1289355 0.2109617 0.2533679 0.3379369 0.2204918 0.4565432 0.3423870 0.4537898 0.0914169 0.1270982 0.0000000 0.0969816 0.1364075 0.1258321 
Pangasius_djambal_PDJAM_T00103720                    0.0757315 0.0949333 0.0036790 0.0879347 0.1553095 0.4119988 0.0932795 0.0934291 0.0866299 0.2398309 0.1302379 0.1583520 0.1382296 0.3201998 0.0916236 0.1502615 0.2385648 0.2858032 0.3368720 0.2320250 0.3974029 0.3366530 0.4027243 0.0476656 0.1238004 0.0969816 0.0000000 0.1389516 0.1489547 
Rhinichthys_klamathensis_goyatoka_rna_XM_056234689_1 0.1239829 0.1545437 0.1536479 0.1296931 0.1873425 0.5911215 0.1537556 0.1491041 0.1260175 0.1947988 0.1622297 0.0912259 0.0433475 0.3532207 0.1542510 0.0966632 0.1989188 0.2343269 0.3294557 0.2094515 0.5879589 0.3370667 0.5938499 0.1444137 0.1604376 0.1364075 0.1389516 0.0000000 0.0792918 
Anabarilius_grahami_mrna_DPX16_16220                 0.1136011 0.1398998 0.1608617 0.1194785 0.1608991 0.4600629 0.1328657 0.1232676 0.1129012 0.2038635 0.1443886 0.0263078 0.0965946 0.3149093 0.1372260 0.0254467 0.1997472 0.2393315 0.3244705 0.2097039 0.4616941 0.3333188 0.4607137 0.1176501 0.1410188 0.1258321 0.1489547 0.0792918 0.0000000 
