13
Alosa_sapidissima_rna_XM_042096292_1        0.0000000 0.0016776 0.3610306 0.1249666 0.2142722 0.0000010 0.1667125 0.3638774 0.1853047 0.3059831 0.0171039 0.2807712 0.1522326 
Alosa_sapidissima_rna_XM_042096293_1        0.0016776 0.0000000 0.3610306 0.1228234 0.2169106 0.0016776 0.1698840 0.3638774 0.1878141 0.3115979 0.0188438 0.2838287 0.1545271 
Hypomesus_transpacificus_rna_XM_047031800_1 0.3610306 0.3610306 0.0000000 0.3887543 0.4584522 0.3610306 0.4273972 0.3588731 0.3156643 6.9030153 0.3730534 0.5976998 0.3169786 
Sardina_pilchardus_rna_XM_062551642_1       0.1249666 0.1228234 0.3887543 0.0000000 0.2535446 0.1249666 0.1798294 0.3605591 0.2033823 0.3115979 0.1118026 0.2829199 0.1689368 
Alosa_alosa_rna_XM_048250564_1              0.2142722 0.2169106 0.4584522 0.2535446 0.0000000 0.2142722 0.2233711 0.2382790 0.2272429 0.3248671 0.2029498 0.3347159 0.2113375 
Alosa_sapidissima_rna_XM_042096285_1        0.0000010 0.0016776 0.3610306 0.1249666 0.2142722 0.0000000 0.1667125 0.3638774 0.1853047 0.3059831 0.0171039 0.2807712 0.1522326 
Clupea_harengus_rna_XM_031582176_2          0.1667125 0.1698840 0.4273972 0.1798294 0.2233711 0.1667125 0.0000000 0.3842347 0.0711360 0.2459151 0.1641517 0.2897847 0.0528731 
Sardina_pilchardus_rna_XM_062550286_1       0.3638774 0.3638774 0.3588731 0.3605591 0.2382790 0.3638774 0.3842347 0.0000000 0.3222456 0.9692738 0.3677441 0.4130138 0.3369707 
Clupea_harengus_rna_XM_042709989_1          0.1853047 0.1878141 0.3156643 0.2033823 0.2272429 0.1853047 0.0711360 0.3222456 0.0000000 0.2554226 0.1800627 0.2873635 0.0949958 
Clupea_harengus_rna_XM_031564016_1          0.3059831 0.3115979 6.9030153 0.3115979 0.3248671 0.3059831 0.2459151 0.9692738 0.2554226 0.0000000 0.2877903 0.4047044 0.2345923 
Alosa_alosa_rna_XM_048250683_1              0.0171039 0.0188438 0.3730534 0.1118026 0.2029498 0.0171039 0.1641517 0.3677441 0.1800627 0.2877903 0.0000000 0.2708236 0.1474741 
Engraulis_encrasicolus_rna_XM_063222654_1   0.2807712 0.2838287 0.5976998 0.2829199 0.3347159 0.2807712 0.2897847 0.4130138 0.2873635 0.4047044 0.2708236 0.0000000 0.2544234 
Clupea_harengus_rna_XM_031581960_1          0.1522326 0.1545271 0.3169786 0.1689368 0.2113375 0.1522326 0.0528731 0.3369707 0.0949958 0.2345923 0.1474741 0.2544234 0.0000000 
