6
Ictalurus_furcatus_rna_XM_053640520_1          0.0000000 1.0763584 0.3495678 0.4565393 0.0274715 0.2449519 
Triplophysa_tibetana_mrna_E1301_Tti014253      1.0763584 0.0000000 1.1089248 1.1947074 1.0906271 1.3798040 
Paramormyrops_kingsleyae_rna_XM_023822671_1    0.3495678 1.1089248 0.0000000 0.3607117 0.3493938 0.4751399 
Pangasianodon_hypophthalmus_rna_XM_026914616_3 0.4565393 1.1947074 0.3607117 0.0000000 0.4457298 0.5754345 
Ictalurus_punctatus_rna_XM_017482962_3         0.0274715 1.0906271 0.3493938 0.4457298 0.0000000 0.2418243 
Ameiurus_melas_AMELA_T00109360                 0.2449519 1.3798040 0.4751399 0.5754345 0.2418243 0.0000000 
