33
Osmerus_eperlanus_rna_XM_062485952_1          0.0000000 0.7620861 0.3534978 1.6740660 1.9523513 0.5612284 1.7889255 0.3457746 1.8446212 0.6806191 1.7880924 1.8527087 0.5878615 0.0732998 1.6428753 1.6215215 0.5607101 1.7963881 1.6336115 1.6816213 1.9543287 1.7943601 0.3429866 0.1227391 0.8005137 0.1428597 1.6155548 0.5379921 0.3442202 1.6449904 1.5969711 0.3821584 1.7317624 
Paramormyrops_kingsleyae_rna_XM_023806158_1   0.7620861 0.0000000 0.8766207 1.4853064 2.0445061 0.9164911 1.7325182 0.8397261 1.7338958 0.9132639 1.9247629 1.7323406 0.8946201 0.7863337 1.5863018 1.5455851 0.8639492 1.9009643 1.6526485 1.6356209 1.8170269 1.8645266 0.8345041 0.7688385 0.1934750 0.7275957 1.6395337 0.8513402 0.7883014 1.6220538 1.6461817 0.8117899 1.6587331 
Sardina_pilchardus_rna_XM_062523689_1         0.3534978 0.8766207 0.0000000 1.8147538 1.8155419 0.6264006 1.7415365 0.2302883 1.8413455 0.7297478 1.8831322 1.9417737 0.5820271 0.3364012 1.7663021 1.7521247 0.5803533 1.9490540 1.6494558 1.8304280 1.8927220 1.7960487 0.2168558 0.3491398 0.8949184 0.3460318 1.7617191 0.5982434 0.2620072 1.7610015 1.7348371 0.2578781 1.7416186 
Megalobrama_amblycephala_rna_XM_048181298_1   1.6740660 1.4853064 1.8147538 0.0000000 0.5526404 1.8695387 0.3259206 1.7393322 0.4036584 1.8456677 0.5797886 0.3089050 1.7216380 1.7814234 0.4828122 0.0243709 1.8110272 0.5486796 0.2623203 0.0780352 0.4225497 0.6258293 1.7089997 1.6376836 1.5802235 1.6407252 0.4764370 1.6477231 1.3504975 0.4910444 0.2789423 1.5552066 0.3291700 
Triplophysa_tibetana_mrna_E1301_Tti004706     1.9523513 2.0445061 1.8155419 0.5526404 0.0000000 2.3022063 0.5745126 1.7610499 0.2871021 1.9784166 0.6076584 0.4536265 2.0389163 2.0407908 0.6157749 0.5595843 2.1330705 0.5587157 0.5176432 0.5693940 0.3365118 0.7147162 1.7849482 1.9010169 1.9483279 1.7042704 0.5357452 2.1737897 1.5815582 0.6321852 0.5662971 1.7970949 0.5065147 
Engraulis_encrasicolus_rna_XM_063200652_1     0.5612284 0.9164911 0.6264006 1.8695387 2.3022063 0.0000000 1.9231831 0.6742344 2.0560264 0.8437325 2.0798180 1.7964023 0.3071933 0.5794527 1.9942404 1.8512124 0.2448730 2.0089648 1.7019512 1.9217264 2.0366553 1.6770716 0.6581281 0.6111049 0.9649193 0.5669904 1.9700237 0.2908736 0.5926408 1.9292193 1.7293133 0.6110995 1.7802305 
Ctenopharyngodon_idella_rna_XM_051907685_1    1.7889255 1.7325182 1.7415365 0.3259206 0.5745126 1.9231831 0.0000000 1.9103703 0.4180325 1.9902236 0.5838479 0.3641177 1.9440577 1.8765090 0.5933065 0.2882046 1.9562599 0.5597850 0.2644142 0.3033072 0.4536727 0.5914047 1.8781129 1.6728504 1.7807323 1.7663439 0.5751726 1.9821504 1.6192965 0.6085370 0.2488154 1.5393520 0.3610088 
Alosa_sapidissima_rna_XM_042072065_1          0.3457746 0.8397261 0.2302883 1.7393322 1.7610499 0.6742344 1.9103703 0.0000000 1.7223102 0.6566658 1.8878768 1.8638810 0.6297359 0.3378163 1.5686252 1.6957591 0.5966481 1.8173708 1.6689161 1.7495081 1.7582349 1.7002653 0.0159351 0.3809563 0.8604071 0.3625278 1.6920132 0.5491694 0.2599273 1.5298934 1.7224126 0.2749214 1.6860148 
Triplophysa_rosa_rna_XM_057347245_1           1.8446212 1.7338958 1.8413455 0.4036584 0.2871021 2.0560264 0.4180325 1.7223102 0.0000000 1.9607322 0.6127905 0.3065387 1.9500772 1.9799106 0.5342016 0.3835663 1.8549532 0.5955866 0.3928568 0.3861088 0.1664013 0.6271474 1.7344636 1.8428661 1.9298884 1.7753256 0.4912130 2.1584112 2.0073874 0.5778641 0.3857305 1.8263621 0.4139014 
Sardina_pilchardus_rna_XM_062525160_1         0.6806191 0.9132639 0.7297478 1.8456677 1.9784166 0.8437325 1.9902236 0.6566658 1.9607322 0.0000000 1.9827160 1.9082828 0.8025594 0.6873914 1.7033624 1.9162518 0.8268536 2.0110692 1.7799725 1.8607327 2.1171558 2.1587178 0.6398670 0.7183313 1.0152853 0.6866533 1.7648607 0.8767380 0.7837109 1.7524830 1.7681607 0.7011140 1.7234123 
Xyrauchen_texanus_rna_XM_052149830_1          1.7880924 1.9247629 1.8831322 0.5797886 0.6076584 2.0798180 0.5838479 1.8878768 0.6127905 1.9827160 0.0000000 0.4938446 1.9659170 1.8874099 0.7386530 0.5864378 2.1063463 0.1667829 0.6189794 0.5766160 0.6120674 0.3834075 1.8753020 1.8443498 2.0186521 1.6888992 0.7010639 2.2529357 1.8015105 0.7395398 0.6482005 1.7605166 0.6164313 
Sinocyclocheilus_grahami_rna_XM_016258674_1   1.8527087 1.7323406 1.9417737 0.3089050 0.4536265 1.7964023 0.3641177 1.8638810 0.3065387 1.9082828 0.4938446 0.0000000 1.8194174 1.8640221 0.5094767 0.3320225 1.7325894 0.4682764 0.4195147 0.3281158 0.3146928 0.5246874 1.8580849 1.6943377 1.8234239 1.6523841 0.4738920 1.6766632 1.9310849 0.5572647 0.4190741 1.7751355 0.3583174 
Engraulis_encrasicolus_rna_XM_063224210_1     0.5878615 0.8946201 0.5820271 1.7216380 2.0389163 0.3071933 1.9440577 0.6297359 1.9500772 0.8025594 1.9659170 1.8194174 0.0000000 0.5641371 1.6083008 1.7674062 0.2282031 1.8217978 1.6628295 1.8579701 2.0623363 1.6444779 0.6120271 0.5825356 0.8994713 0.5441110 1.7205648 0.3180989 0.6373648 1.6250927 1.7362198 0.6169522 1.5961661 
Hypomesus_transpacificus_rna_XM_047020147_1   0.0732998 0.7863337 0.3364012 1.7814234 2.0407908 0.5794527 1.8765090 0.3378163 1.9799106 0.6873914 1.8874099 1.8640221 0.5641371 0.0000000 1.6135272 1.7226369 0.5412013 1.8240348 1.6934103 1.8243770 2.0367705 1.6470523 0.3412990 0.1006991 0.8110579 0.1312951 1.6743693 0.5387302 0.3459623 1.6430299 1.6730478 0.3696176 1.8327177 
Misgurnus_anguillicaudatus_rna_XM_055176918_1 1.6428753 1.5863018 1.7663021 0.4828122 0.6157749 1.9942404 0.5933065 1.5686252 0.5342016 1.7033624 0.7386530 0.5094767 1.6083008 1.6135272 0.0000000 0.5168260 1.6508279 0.7619289 0.5379480 0.5285608 0.5908936 0.8311618 1.5828217 1.5991417 1.6482624 1.4977658 0.1381739 1.8671040 1.5341003 0.0798110 0.5466885 1.5602323 0.5499966 
Megalobrama_amblycephala_rna_XM_048181295_1   1.6215215 1.5455851 1.7521247 0.0243709 0.5595843 1.8512124 0.2882046 1.6957591 0.3835663 1.9162518 0.5864378 0.3320225 1.7674062 1.7226369 0.5168260 0.0000000 1.8870518 0.5388954 0.2321060 0.0484196 0.4090065 0.6226799 1.6681730 1.5936169 1.6214339 1.5922032 0.5143654 1.7334817 1.3436321 0.5322029 0.2426009 1.5440292 0.3284320 
Engraulis_encrasicolus_rna_XM_063224199_1     0.5607101 0.8639492 0.5803533 1.8110272 2.1330705 0.2448730 1.9562599 0.5966481 1.8549532 0.8268536 2.1063463 1.7325894 0.2282031 0.5412013 1.6508279 1.8870518 0.0000000 1.9629136 1.7875960 1.9344896 1.9974989 1.6130915 0.5799693 0.5394205 0.8807617 0.5010623 1.6860823 0.0888767 0.5645176 1.6892594 1.8363112 0.5834534 1.7386623 
Myxocyprinus_asiaticus_rna_XM_051650417_1     1.7963881 1.9009643 1.9490540 0.5486796 0.5587157 2.0089648 0.5597850 1.8173708 0.5955866 2.0110692 0.1667829 0.4682764 1.8217978 1.8240348 0.7619289 0.5388954 1.9629136 0.0000000 0.6225025 0.5435860 0.6203274 0.3167902 1.8529295 1.8653181 1.9742934 1.6135127 0.7188458 2.2654403 1.6246341 0.7623614 0.6451796 1.6207997 0.5912457 
Megalobrama_amblycephala_rna_XM_048181284_1   1.6336115 1.6526485 1.6494558 0.2623203 0.5176432 1.7019512 0.2644142 1.6689161 0.3928568 1.7799725 0.6189794 0.4195147 1.6628295 1.6934103 0.5379480 0.2321060 1.7875960 0.6225025 0.0000000 0.2297663 0.4505211 0.6611131 1.6426804 1.6282938 1.6272360 1.6231098 0.5543706 1.9421190 1.4825978 0.5530455 0.0796727 1.4925890 0.3379232 
Megalobrama_amblycephala_rna_XM_048181296_1   1.6816213 1.6356209 1.8304280 0.0780352 0.5693940 1.9217264 0.3033072 1.7495081 0.3861088 1.8607327 0.5766160 0.3281158 1.8579701 1.8243770 0.5285608 0.0484196 1.9344896 0.5435860 0.2297663 0.0000000 0.4226999 0.6307852 1.7206373 1.6945172 1.6812149 1.6732654 0.5082180 1.8165414 1.5574751 0.5471364 0.2337514 1.6212204 0.3115427 
Triplophysa_dalaica_rna_XM_056753738_1        1.9543287 1.8170269 1.8927220 0.4225497 0.3365118 2.0366553 0.4536727 1.7582349 0.1664013 2.1171558 0.6120674 0.3146928 2.0623363 2.0367705 0.5908936 0.4090065 1.9974989 0.6203274 0.4505211 0.4226999 0.0000000 0.6619072 1.7628360 1.9352378 1.8938296 1.8236177 0.5534669 2.1150882 1.9973542 0.6367227 0.4541080 1.8036571 0.4419957 
Myxocyprinus_asiaticus_rna_XM_051680098_1     1.7943601 1.8645266 1.7960487 0.6258293 0.7147162 1.6770716 0.5914047 1.7002653 0.6271474 2.1587178 0.3834075 0.5246874 1.6444779 1.6470523 0.8311618 0.6226799 1.6130915 0.3167902 0.6611131 0.6307852 0.6619072 0.0000000 1.6995977 1.6896289 1.8167190 1.6007140 0.7997778 2.0094819 1.9704068 0.8612020 0.6813151 1.5646258 0.6118671 
Alosa_alosa_rna_XM_048227711_1                0.3429866 0.8345041 0.2168558 1.7089997 1.7849482 0.6581281 1.8781129 0.0159351 1.7344636 0.6398670 1.8753020 1.8580849 0.6120271 0.3412990 1.5828217 1.6681730 0.5799693 1.8529295 1.6426804 1.7206373 1.7628360 1.6995977 0.0000000 0.3790931 0.8528011 0.3623106 1.6698213 0.5431479 0.2548323 1.5435939 1.6949504 0.2745782 1.6680385 
Hypomesus_transpacificus_rna_XM_047033889_1   0.1227391 0.7688385 0.3491398 1.6376836 1.9010169 0.6111049 1.6728504 0.3809563 1.8428661 0.7183313 1.8443498 1.6943377 0.5825356 0.1006991 1.5991417 1.5936169 0.5394205 1.8653181 1.6282938 1.6945172 1.9352378 1.6896289 0.3790931 0.0000000 0.8039860 0.1575610 1.6560015 0.5451453 0.3631635 1.6746652 1.6541641 0.3830612 1.8066608 
Brienomyrus_brachyistius_rna_XM_049027056_1   0.8005137 0.1934750 0.8949184 1.5802235 1.9483279 0.9649193 1.7807323 0.8604071 1.9298884 1.0152853 2.0186521 1.8234239 0.8994713 0.8110579 1.6482624 1.6214339 0.8807617 1.9742934 1.6272360 1.6812149 1.8938296 1.8167190 0.8528011 0.8039860 0.0000000 0.7771636 1.6903152 0.8642873 0.7776018 1.6898241 1.5901835 0.8378904 1.7408716 
Clupea_harengus_rna_XM_031580274_2            0.1428597 0.7275957 0.3460318 1.6407252 1.7042704 0.5669904 1.7663439 0.3625278 1.7753256 0.6866533 1.6888992 1.6523841 0.5441110 0.1312951 1.4977658 1.5922032 0.5010623 1.6135127 1.6231098 1.6732654 1.8236177 1.6007140 0.3623106 0.1575610 0.7771636 0.0000000 1.5859835 0.5018972 0.3839787 1.5414219 1.6147202 0.3842983 1.6439829 
Misgurnus_anguillicaudatus_rna_XM_055176198_1 1.6155548 1.6395337 1.7617191 0.4764370 0.5357452 1.9700237 0.5751726 1.6920132 0.4912130 1.7648607 0.7010639 0.4738920 1.7205648 1.6743693 0.1381739 0.5143654 1.6860823 0.7188458 0.5543706 0.5082180 0.5534669 0.7997778 1.6698213 1.6560015 1.6903152 1.5859835 0.0000000 1.7624690 1.7709824 0.1443455 0.5676458 1.7458965 0.5168078 
Engraulis_encrasicolus_rna_XM_063224064_1     0.5379921 0.8513402 0.5982434 1.6477231 2.1737897 0.2908736 1.9821504 0.5491694 2.1584112 0.8767380 2.2529357 1.6766632 0.3180989 0.5387302 1.8671040 1.7334817 0.0888767 2.2654403 1.9421190 1.8165414 2.1150882 2.0094819 0.5431479 0.5451453 0.8642873 0.5018972 1.7624690 0.0000000 0.5183284 2.0232900 1.9305070 0.5402702 1.7922689 
Alosa_alosa_rna_XM_048266774_1                0.3442202 0.7883014 0.2620072 1.3504975 1.5815582 0.5926408 1.6192965 0.2599273 2.0073874 0.7837109 1.8015105 1.9310849 0.6373648 0.3459623 1.5341003 1.3436321 0.5645176 1.6246341 1.4825978 1.5574751 1.9973542 1.9704068 0.2548323 0.3631635 0.7776018 0.3839787 1.7709824 0.5183284 0.0000000 1.7045823 1.5071001 0.0084565 1.5421834 
Misgurnus_anguillicaudatus_rna_XM_055176200_1 1.6449904 1.6220538 1.7610015 0.4910444 0.6321852 1.9292193 0.6085370 1.5298934 0.5778641 1.7524830 0.7395398 0.5572647 1.6250927 1.6430299 0.0798110 0.5322029 1.6892594 0.7623614 0.5530455 0.5471364 0.6367227 0.8612020 1.5435939 1.6746652 1.6898241 1.5414219 0.1443455 2.0232900 1.7045823 0.0000000 0.5724001 1.6554348 0.5771554 
Megalobrama_amblycephala_rna_XM_048181285_1   1.5969711 1.6461817 1.7348371 0.2789423 0.5662971 1.7293133 0.2488154 1.7224126 0.3857305 1.7681607 0.6482005 0.4190741 1.7362198 1.6730478 0.5466885 0.2426009 1.8363112 0.6451796 0.0796727 0.2337514 0.4541080 0.6813151 1.6949504 1.6541641 1.5901835 1.6147202 0.5676458 1.9305070 1.5071001 0.5724001 0.0000000 1.5599356 0.3477312 
Alosa_sapidissima_rna_XM_042067493_1          0.3821584 0.8117899 0.2578781 1.5552066 1.7970949 0.6110995 1.5393520 0.2749214 1.8263621 0.7011140 1.7605166 1.7751355 0.6169522 0.3696176 1.5602323 1.5440292 0.5834534 1.6207997 1.4925890 1.6212204 1.8036571 1.5646258 0.2745782 0.3830612 0.8378904 0.3842983 1.7458965 0.5402702 0.0084565 1.6554348 1.5599356 0.0000000 1.6543677 
Megalobrama_amblycephala_rna_XM_048181283_1   1.7317624 1.6587331 1.7416186 0.3291700 0.5065147 1.7802305 0.3610088 1.6860148 0.4139014 1.7234123 0.6164313 0.3583174 1.5961661 1.8327177 0.5499966 0.3284320 1.7386623 0.5912457 0.3379232 0.3115427 0.4419957 0.6118671 1.6680385 1.8066608 1.7408716 1.6439829 0.5168078 1.7922689 1.5421834 0.5771554 0.3477312 1.6543677 0.0000000 
