13
Anoplopoma_fimbria       0.0000000 0.2710904 0.2108876 0.3262236 0.3125159 0.2543191 0.3994349 0.2172844 0.3062451 0.2975639 0.1425665 0.3177247 0.3206662 
Borostomias_antarcticus  0.2710904 0.0000000 0.2908011 0.3320352 0.3381696 0.2180428 0.4112966 0.1972130 0.3683758 0.3652355 0.2413045 0.4084404 0.3796375 
Channa_striata           0.2108876 0.2908011 0.0000000 0.3314805 0.3325559 0.2726376 0.3964222 0.2376083 0.3121991 0.3145411 0.1791801 0.3211058 0.3150561 
Clupea_harengus          0.3262236 0.3320352 0.3314805 0.0000000 0.4215567 0.2935430 0.4237899 0.2631009 0.4009586 0.3988145 0.3040811 0.4358717 0.4196847 
Electrona_antarctica     0.3125159 0.3381696 0.3325559 0.4215567 0.0000000 0.3301955 0.5035279 0.3033070 0.4442508 0.4406048 0.2988525 0.4532087 0.4333805 
Hypomesus_transpacificus 0.2543191 0.2180428 0.2726376 0.2935430 0.3301955 0.0000000 0.3951929 0.1572320 0.3466436 0.3556366 0.2327937 0.3831117 0.3848196 
Lepisosteus_oculatus     0.3994349 0.4112966 0.3964222 0.4237899 0.5035279 0.3951929 0.0000000 0.3403131 0.4764053 0.4865492 0.3722786 0.4882722 0.4480421 
Oncorhynchus_mykiss      0.2172844 0.1972130 0.2376083 0.2631009 0.3033070 0.1572320 0.3403131 0.0000000 0.3265853 0.3199371 0.1839030 0.3494982 0.3488322 
Oryzias_melastigma       0.3062451 0.3683758 0.3121991 0.4009586 0.4442508 0.3466436 0.4764053 0.3265853 0.0000000 0.3442397 0.2794686 0.3973713 0.3508390 
Salarias_fasciatus       0.2975639 0.3652355 0.3145411 0.3988145 0.4406048 0.3556366 0.4865492 0.3199371 0.3442397 0.0000000 0.2652154 0.4052099 0.3592347 
Siniperca_chuatsi        0.1425665 0.2413045 0.1791801 0.3040811 0.2988525 0.2327937 0.3722786 0.1839030 0.2794686 0.2652154 0.0000000 0.2888370 0.2927582 
Takifugu_flavidus        0.3177247 0.4084404 0.3211058 0.4358717 0.4532087 0.3831117 0.4882722 0.3494982 0.3973713 0.4052099 0.2888370 0.0000000 0.4213239 
Xiphophorus_couchianus   0.3206662 0.3796375 0.3150561 0.4196847 0.4333805 0.3848196 0.4480421 0.3488322 0.3508390 0.3592347 0.2927582 0.4213239 0.0000000 
