31
Thunnus_maccoyii_rna_XM_042435094_1                0.0000000 0.6418912 0.2627792 0.3851056 0.0574364 0.2935453 0.3022183 0.2738283 0.3766591 0.6703462 0.4047250 0.8440617 0.2771022 0.1618890 0.3556284 0.2846712 0.3851056 0.4045778 0.2675165 0.7187705 0.2638531 0.2727887 0.6503699 0.2998472 0.2711785 0.8097142 0.4865760 0.2820605 0.3225471 0.3578530 1.1905333 
Osmerus_eperlanus_rna_XM_062448472_1               0.6418912 0.0000000 0.7270917 0.6110525 0.6997101 0.7587371 0.7297765 0.7365404 0.6091908 0.5213828 0.6902920 0.5611687 0.7723869 0.7350320 0.9668533 0.7936588 0.6110525 0.6632385 0.7104770 0.4619395 0.7584023 0.7697098 0.5625240 0.5910562 0.7482270 0.6058387 0.5475806 0.7922389 0.8053500 0.6931740 0.9320796 
Clupea_harengus_rna_XM_031578285_2                 0.2627792 0.7270917 0.0000000 0.4752599 0.2618272 0.3027449 0.0777271 0.3187004 0.4685660 0.8749278 0.5227376 0.8389154 0.3019803 0.2939237 0.1828916 0.3193957 0.4752599 0.4917078 0.3009031 0.7503471 0.2771920 0.3050584 0.8390635 0.4221323 0.2810975 0.9324618 0.6065174 0.3108484 0.1621424 0.4439950 1.4888745 
Lampris_incognitus_rna_XM_056279878_1              0.3851056 0.6110525 0.4752599 0.0000000 0.4334705 0.4937825 0.5117053 0.5200030 0.0040387 0.7453083 0.5039366 0.6858730 0.5398191 0.4643628 0.6015493 0.5151384 0.0000010 0.3700064 0.5033391 0.6927777 0.4667409 0.4972748 0.6789133 0.3675775 0.4741593 0.7733093 0.4548134 0.5087345 0.5603903 0.4282514 1.0170226 
Thunnus_maccoyii_rna_XM_042435120_1                0.0574364 0.6997101 0.2618272 0.4334705 0.0000000 0.3364945 0.3018190 0.2989642 0.4242609 0.7333343 0.4521446 0.9365543 0.3085590 0.1367264 0.3584606 0.3152785 0.4334705 0.4429979 0.3051916 0.7482932 0.3130502 0.3190563 0.6692554 0.3220815 0.3209682 0.8692862 0.5157383 0.3292772 0.3211324 0.4026326 1.2701955 
Sardina_pilchardus_rna_XM_062535392_1              0.2935453 0.7587371 0.3027449 0.4937825 0.3364945 0.0000000 0.3089025 0.0899418 0.4874468 0.9246179 0.4494116 1.0131406 0.0767228 0.2818245 0.3741656 0.1031250 0.4937825 0.5195934 0.1524148 0.7480973 0.0415817 0.0486466 0.8754867 0.4105839 0.0490219 0.9480027 0.6249970 0.0535974 0.3115337 0.4266487 1.5015208 
Clupea_harengus_rna_XM_031577666_1                 0.3022183 0.7297765 0.0777271 0.5117053 0.3018190 0.3089025 0.0000000 0.3214750 0.5045911 0.8129380 0.5473049 0.8423114 0.3048921 0.3207755 0.1709873 0.3382446 0.5117053 0.5055018 0.3292395 0.7596482 0.2937225 0.3344839 0.8505380 0.4205472 0.3013938 0.8837169 0.6117000 0.3354377 0.1058794 0.4683318 1.3650345 
Scomber_japonicus_rna_XM_053325433_1               0.2738283 0.7365404 0.3187004 0.5200030 0.2989642 0.0899418 0.3214750 0.0000000 0.5133727 0.8335483 0.4795780 0.8919256 0.0201955 0.2572988 0.3840989 0.0318646 0.5200030 0.5296875 0.1373860 0.7401254 0.0956896 0.0955294 0.8703741 0.4244357 0.1010614 0.8809642 0.6443726 0.0957529 0.3198404 0.4215734 1.5722051 
Lampris_incognitus_rna_XM_056280337_1              0.3766591 0.6091908 0.4685660 0.0040387 0.4242609 0.4874468 0.5045911 0.5133727 0.0000000 0.7306081 0.4936161 0.6750603 0.5330024 0.4584387 0.6013787 0.5078149 0.0040387 0.3616724 0.4969129 0.6905957 0.4606877 0.4909169 0.6923779 0.3666089 0.4680117 0.7581089 0.4449951 0.5151287 0.5662559 0.4191268 1.0170226 
Esox_lucius_rna_XM_010898588_4                     0.6703462 0.5213828 0.8749278 0.7453083 0.7333343 0.9246179 0.8129380 0.8335483 0.7306081 0.0000000 0.7502066 0.6479871 0.8812100 0.8345234 1.1038862 0.8720777 0.7453083 0.7274703 0.7687102 0.6021794 0.8571051 0.8504290 0.4770607 0.6150225 0.8554290 0.1812585 0.5500637 0.8768419 0.9171968 0.8391517 1.0337213 
Myripristis_murdjan_rna_XM_030046755_1             0.4047250 0.6902920 0.5227376 0.5039366 0.4521446 0.4494116 0.5473049 0.4795780 0.4936161 0.7502066 0.0000000 0.8534989 0.4714013 0.4940186 0.6589837 0.4836175 0.5039366 0.3534501 0.4760466 0.7184591 0.4185400 0.4344799 0.7266965 0.3593512 0.4234015 0.8753823 0.5864996 0.4562511 0.5562659 0.4345011 1.3212200 
Oncorhynchus_tshawytscha_rna_XM_042310653_1        0.8440617 0.5611687 0.8389154 0.6858730 0.9365543 1.0131406 0.8423114 0.8919256 0.6750603 0.6479871 0.8534989 0.0000000 0.9355430 0.8854444 1.0774436 0.9717107 0.6858730 0.7044933 0.8338277 0.7903358 0.9404350 0.9722276 0.6660413 0.8263602 0.9269140 0.7199488 0.2359973 0.9643120 0.9327044 0.8456794 0.6080531 
Scomber_japonicus_rna_XM_053325408_1               0.2771022 0.7723869 0.3019803 0.5398191 0.3085590 0.0767228 0.3048921 0.0201955 0.5330024 0.8812100 0.4714013 0.9355430 0.0000000 0.2529929 0.3972539 0.0389035 0.5398191 0.5392035 0.1396498 0.7441324 0.0822694 0.0873026 0.9121924 0.4370682 0.0875048 0.9129373 0.6699679 0.0875050 0.3282958 0.4203088 1.6953849 
Thunnus_maccoyii_rna_XM_042435142_1                0.1618890 0.7350320 0.2939237 0.4643628 0.1367264 0.2818245 0.3207755 0.2572988 0.4584387 0.8345234 0.4940186 0.8854444 0.2529929 0.0000000 0.3935197 0.2500074 0.4643628 0.4993335 0.2587081 0.6851350 0.2714871 0.2581835 0.7324871 0.3543170 0.2789130 0.9229059 0.5785668 0.2588779 0.3597711 0.4409069 1.2485803 
Clupea_harengus_rna_XM_031577667_2                 0.3556284 0.9668533 0.1828916 0.6015493 0.3584606 0.3741656 0.1709873 0.3840989 0.6013787 1.1038862 0.6589837 1.0774436 0.3972539 0.3935197 0.0000000 0.3994153 0.6015493 0.6271157 0.3745492 0.8985124 0.3936675 0.4051869 0.9849218 0.5016560 0.4028348 1.1866944 0.7559598 0.4004329 0.2034148 0.5466557 1.8765928 
Scomber_japonicus_rna_XM_053325414_1               0.2846712 0.7936588 0.3193957 0.5151384 0.3152785 0.1031250 0.3382446 0.0318646 0.5078149 0.8720777 0.4836175 0.9717107 0.0389035 0.2500074 0.3994153 0.0000000 0.5151384 0.5438269 0.1202643 0.7588369 0.0977661 0.0874069 0.9037330 0.4443076 0.1031283 0.8919383 0.6730510 0.0876098 0.3499011 0.4199329 1.6341495 
Lampris_incognitus_rna_XM_056280341_1              0.3851056 0.6110525 0.4752599 0.0000010 0.4334705 0.4937825 0.5117053 0.5200030 0.0040387 0.7453083 0.5039366 0.6858730 0.5398191 0.4643628 0.6015493 0.5151384 0.0000000 0.3700064 0.5033391 0.6927777 0.4667409 0.4972748 0.6789133 0.3675775 0.4741593 0.7733093 0.4548134 0.5087345 0.5603903 0.4282514 1.0170226 
Centroberyx_gerrardi_g36551_t1                     0.4045778 0.6632385 0.4917078 0.3700064 0.4429979 0.5195934 0.5055018 0.5296875 0.3616724 0.7274703 0.3534501 0.7044933 0.5392035 0.4993335 0.6271157 0.5438269 0.3700064 0.0000000 0.5225504 0.6666913 0.4842576 0.5101889 0.7473383 0.3168299 0.4944814 0.8429343 0.4725605 0.5214535 0.5383040 0.4011278 0.8314434 
Scomber_japonicus_rna_XM_053337026_1               0.2675165 0.7104770 0.3009031 0.5033391 0.3051916 0.1524148 0.3292395 0.1373860 0.4969129 0.7687102 0.4760466 0.8338277 0.1396498 0.2587081 0.3745492 0.1202643 0.5033391 0.5225504 0.0000000 0.6737491 0.1409304 0.1119472 0.7808051 0.4252823 0.1467693 0.8777829 0.6069577 0.1181697 0.3548901 0.4208165 1.9135585 
Borostomias_antarcticus_g6122_t1                   0.7187705 0.4619395 0.7503471 0.6927777 0.7482932 0.7480973 0.7596482 0.7401254 0.6905957 0.6021794 0.7184591 0.7903358 0.7441324 0.6851350 0.8985124 0.7588369 0.6927777 0.6666913 0.6737491 0.0000000 0.7284755 0.7277329 0.5565561 0.7071459 0.7239476 0.7256135 0.6560245 0.7488279 0.7623952 0.7010860 1.2099038 
Alosa_sapidissima_rna_XM_042075309_1               0.2638531 0.7584023 0.2771920 0.4667409 0.3130502 0.0415817 0.2937225 0.0956896 0.4606877 0.8571051 0.4185400 0.9404350 0.0822694 0.2714871 0.3936675 0.0977661 0.4667409 0.4842576 0.1409304 0.7284755 0.0000000 0.0390004 0.8575934 0.3977345 0.0066545 0.8690364 0.6295181 0.0488337 0.3053456 0.4044670 1.5265150 
Scomber_scombrus_rna_XM_062436683_1                0.2727887 0.7697098 0.3050584 0.4972748 0.3190563 0.0486466 0.3344839 0.0955294 0.4909169 0.8504290 0.4344799 0.9722276 0.0873026 0.2581835 0.4051869 0.0874069 0.4972748 0.5101889 0.1119472 0.7277329 0.0390004 0.0000000 0.8153520 0.4429851 0.0463622 0.9010876 0.6516125 0.0089122 0.3334709 0.4163564 1.6837975 
Aplochiton_taeniatus_g15045_t1                     0.6503699 0.5625240 0.8390635 0.6789133 0.6692554 0.8754867 0.8505380 0.8703741 0.6923779 0.4770607 0.7266965 0.6660413 0.9121924 0.7324871 0.9849218 0.9037330 0.6789133 0.7473383 0.7808051 0.5565561 0.8575934 0.8153520 0.0000000 0.6371443 0.8443559 0.5477619 0.5400530 0.7888414 0.8674773 0.7544441 0.9831269 
Lucifuga_dentata_LDENT00156160_mrna                0.2998472 0.5910562 0.4221323 0.3675775 0.3220815 0.4105839 0.4205472 0.4244357 0.3666089 0.6150225 0.3593512 0.8263602 0.4370682 0.3543170 0.5016560 0.4443076 0.3675775 0.3168299 0.4252823 0.7071459 0.3977345 0.4429851 0.6371443 0.0000000 0.4024610 0.6738659 0.4622628 0.4559788 0.4520429 0.3829660 0.9503040 
Alosa_alosa_rna_XM_048231371_1                     0.2711785 0.7482270 0.2810975 0.4741593 0.3209682 0.0490219 0.3013938 0.1010614 0.4680117 0.8554290 0.4234015 0.9269140 0.0875048 0.2789130 0.4028348 0.1031283 0.4741593 0.4944814 0.1467693 0.7239476 0.0066545 0.0463622 0.8443559 0.4024610 0.0000000 0.8825771 0.6424205 0.0564014 0.3144777 0.4205354 1.5524236 
Dallia_pectoralis_mrna_DPEC_T00177230              0.8097142 0.6058387 0.9324618 0.7733093 0.8692862 0.9480027 0.8837169 0.8809642 0.7581089 0.1812585 0.8753823 0.7199488 0.9129373 0.9229059 1.1866944 0.8919383 0.7733093 0.8429343 0.8777829 0.7256135 0.8690364 0.9010876 0.5477619 0.6738659 0.8825771 0.0000000 0.6135997 0.9290484 0.9194065 0.8726048 1.2780126 
Salmo_salar_rna_XM_014131548_2                     0.4865760 0.5475806 0.6065174 0.4548134 0.5157383 0.6249970 0.6117000 0.6443726 0.4449951 0.5500637 0.5864996 0.2359973 0.6699679 0.5785668 0.7559598 0.6730510 0.4548134 0.4725605 0.6069577 0.6560245 0.6295181 0.6516125 0.5400530 0.4622628 0.6424205 0.6135997 0.0000000 0.6657285 0.6152839 0.5750502 0.3998720 
Scomber_scombrus_rna_XM_062436670_1                0.2820605 0.7922389 0.3108484 0.5087345 0.3292772 0.0535974 0.3354377 0.0957529 0.5151287 0.8768419 0.4562511 0.9643120 0.0875050 0.2588779 0.4004329 0.0876098 0.5087345 0.5214535 0.1181697 0.7488279 0.0488337 0.0089122 0.7888414 0.4559788 0.0564014 0.9290484 0.6657285 0.0000000 0.3154097 0.4287393 1.6837975 
Hypomesus_transpacificus_rna_XM_047049897_1        0.3225471 0.8053500 0.1621424 0.5603903 0.3211324 0.3115337 0.1058794 0.3198404 0.5662559 0.9171968 0.5562659 0.9327044 0.3282958 0.3597711 0.2034148 0.3499011 0.5603903 0.5383040 0.3548901 0.7623952 0.3053456 0.3334709 0.8674773 0.4520429 0.3144777 0.9194065 0.6152839 0.3154097 0.0000000 0.4998557 1.5153997 
Thalassophryne_amazonica_rna_XM_034187378_1        0.3578530 0.6931740 0.4439950 0.4282514 0.4026326 0.4266487 0.4683318 0.4215734 0.4191268 0.8391517 0.4345011 0.8456794 0.4203088 0.4409069 0.5466557 0.4199329 0.4282514 0.4011278 0.4208165 0.7010860 0.4044670 0.4163564 0.7544441 0.3829660 0.4205354 0.8726048 0.5750502 0.4287393 0.4998557 0.0000000 1.1355958 
Coregonus_sp_balchen_gene_CSTEINMANNI_LOCUS3751678 1.1905333 0.9320796 1.4888745 1.0170226 1.2701955 1.5015208 1.3650345 1.5722051 1.0170226 1.0337213 1.3212200 0.6080531 1.6953849 1.2485803 1.8765928 1.6341495 1.0170226 0.8314434 1.9135585 1.2099038 1.5265150 1.6837975 0.9831269 0.9503040 1.5524236 1.2780126 0.3998720 1.6837975 1.5153997 1.1355958 0.0000000 
