32
Thunnus_maccoyii_rna_XM_042435094_1                0.0000000 0.6395048 0.2639964 0.3764440 0.3852306 0.0575623 0.2938415 0.3011902 0.2746214 0.3766963 0.6706161 0.4029979 0.8419450 0.2776661 0.1622364 0.3542562 0.2855640 0.3852306 0.4080272 0.2681996 0.7191628 0.2636571 0.2732563 0.6419254 0.3018978 0.2711719 0.8090376 0.4854646 0.2823219 0.3206045 0.3579371 1.1973119 
Osmerus_eperlanus_rna_XM_062448472_1               0.6395048 0.0000000 0.7208868 1.0414056 0.6083026 0.6942496 0.7591804 0.7221779 0.7371298 0.6063729 0.5146914 0.6833328 0.5580950 0.7722105 0.7322172 0.9550043 0.7938883 0.6083026 0.6680239 0.7108737 0.4597029 0.7553372 0.7706574 0.5515835 0.5907470 0.7450473 0.5961141 0.5441795 0.7930297 0.7973441 0.6939662 0.9500305 
Clupea_harengus_rna_XM_031578285_2                 0.2639964 0.7208868 0.0000000 0.3999854 0.4769055 0.2624637 0.3026288 0.0775504 0.3197099 0.4703211 0.8729812 0.5225128 0.8413034 0.3023952 0.2959043 0.1828300 0.3200379 0.4769055 0.4981276 0.3023795 0.7495997 0.2771032 0.3053033 0.8279487 0.4264642 0.2809194 0.9290925 0.6066762 0.3109823 0.1611328 0.4426834 1.4779445 
Scomber_japonicus_rna_XM_053326797_1               0.3764440 1.0414056 0.3999854 0.0000000 0.6436669 0.3434596 0.4259319 0.4428053 0.3856287 0.6415587 0.9978327 0.7182967 0.9671535 0.3709895 0.3786995 0.5668873 0.3979880 0.6436669 0.6727404 0.4268523 1.0013196 0.4066300 0.4084417 0.9849498 0.5436999 0.4051102 1.1584317 0.8508699 0.4203041 0.5086501 0.5974212 1.5306185 
Lampris_incognitus_rna_XM_056279878_1              0.3852306 0.6083026 0.4769055 0.6436669 0.0000000 0.4319199 0.4917272 0.5104491 0.5181230 0.0040472 0.7475179 0.5031950 0.6879861 0.5380082 0.4639130 0.6018689 0.5152963 0.0000010 0.3724263 0.5026802 0.6946901 0.4645580 0.4963521 0.6709236 0.3690763 0.4720129 0.7796000 0.4546056 0.5075153 0.5592342 0.4274945 1.0176107 
Thunnus_maccoyii_rna_XM_042435120_1                0.0575623 0.6942496 0.2624637 0.3434596 0.4319199 0.0000000 0.3364278 0.3001012 0.3003151 0.4226393 0.7311231 0.4488402 0.9279586 0.3096423 0.1372824 0.3567487 0.3166525 0.4319199 0.4447871 0.3059802 0.7472701 0.3127886 0.3193778 0.6581397 0.3225996 0.3209367 0.8654974 0.5132881 0.3293531 0.3190639 0.4016831 1.2760523 
Sardina_pilchardus_rna_XM_062535392_1              0.2938415 0.7591804 0.3026288 0.4259319 0.4917272 0.3364278 0.0000000 0.3067561 0.0898414 0.4853124 0.9192142 0.4489423 1.0039158 0.0766640 0.2820256 0.3713574 0.1033557 0.4917272 0.5242484 0.1522697 0.7503025 0.0416530 0.0487975 0.8672478 0.4147597 0.0490748 0.9440698 0.6200260 0.0537255 0.3088558 0.4256924 1.4875389 
Clupea_harengus_rna_XM_031577666_1                 0.3011902 0.7221779 0.0775504 0.4428053 0.5104491 0.3001012 0.3067561 0.0000000 0.3204167 0.5034995 0.8025506 0.5420809 0.8446793 0.3033903 0.3208535 0.1703387 0.3371805 0.5104491 0.5069355 0.3290172 0.7552134 0.2910482 0.3324276 0.8309685 0.4218696 0.2988506 0.8721693 0.6070648 0.3330911 0.1048935 0.4630957 1.3575524 
Scomber_japonicus_rna_XM_053325433_1               0.2746214 0.7371298 0.3197099 0.3856287 0.5181230 0.3003151 0.0898414 0.3204167 0.0000000 0.5113870 0.8327052 0.4773619 0.8903161 0.0202629 0.2582211 0.3830454 0.0320417 0.5181230 0.5347946 0.1376950 0.7463028 0.0954482 0.0953414 0.8652438 0.4294294 0.1008609 0.8788561 0.6425103 0.0954872 0.3188148 0.4214880 1.5687669 
Lampris_incognitus_rna_XM_056280337_1              0.3766963 0.6063729 0.4703211 0.6415587 0.0040472 0.4226393 0.4853124 0.5034995 0.5113870 0.0000000 0.7323136 0.4927529 0.6769451 0.5310698 0.4579042 0.6022002 0.5080980 0.0040472 0.3639729 0.4961394 0.6923687 0.4584417 0.4898930 0.6843617 0.3681036 0.4657956 0.7637779 0.4446614 0.5138998 0.5653650 0.4182921 1.0176107 
Esox_lucius_rna_XM_010898588_4                     0.6706161 0.5146914 0.8729812 0.9978327 0.7475179 0.7311231 0.9192142 0.8025506 0.8327052 0.7323136 0.0000000 0.7417171 0.6402245 0.8801610 0.8339408 1.0925796 0.8691406 0.7475179 0.7329544 0.7617558 0.5988610 0.8501425 0.8439345 0.4658658 0.6147908 0.8482737 0.1798091 0.5463277 0.8704277 0.9040426 0.8365640 1.0495239 
Myripristis_murdjan_rna_XM_030046755_1             0.4029979 0.6833328 0.5225128 0.7182967 0.5031950 0.4488402 0.4489423 0.5420809 0.4773619 0.4927529 0.7417171 0.0000000 0.8463417 0.4694078 0.4916142 0.6520991 0.4830203 0.5031950 0.3527815 0.4735666 0.7107629 0.4171274 0.4341062 0.7110047 0.3584287 0.4226438 0.8682211 0.5802253 0.4556652 0.5505528 0.4305469 1.3099751 
Oncorhynchus_tshawytscha_rna_XM_042310653_1        0.8419450 0.5580950 0.8413034 0.9671535 0.6879861 0.9279586 1.0039158 0.8446793 0.8903161 0.6769451 0.6402245 0.8463417 0.0000000 0.9337003 0.8840852 1.0845257 0.9702866 0.6879861 0.7160437 0.8389867 0.7855680 0.9351528 0.9636466 0.6566786 0.8336507 0.9237950 0.7185020 0.2351463 0.9558984 0.9324299 0.8499403 0.6042930 
Scomber_japonicus_rna_XM_053325408_1               0.2776661 0.7722105 0.3023952 0.3709895 0.5380082 0.3096423 0.0766640 0.3033903 0.0202629 0.5310698 0.8801610 0.4694078 0.9337003 0.0000000 0.2536453 0.3950276 0.0391365 0.5380082 0.5443509 0.1398901 0.7487213 0.0820902 0.0871680 0.9071516 0.4424191 0.0873602 0.9129342 0.6684670 0.0872998 0.3261198 0.4206012 1.6945824 
Thunnus_maccoyii_rna_XM_042435142_1                0.1622364 0.7322172 0.2959043 0.3786995 0.4639130 0.1372824 0.2820256 0.3208535 0.2582211 0.4579042 0.8339408 0.4916142 0.8840852 0.2536453 0.0000000 0.3923676 0.2508117 0.4639130 0.5017282 0.2599684 0.6820325 0.2715638 0.2583020 0.7220021 0.3556416 0.2791848 0.9181277 0.5742799 0.2587816 0.3574204 0.4408847 1.2494981 
Clupea_harengus_rna_XM_031577667_2                 0.3542562 0.9550043 0.1828300 0.5668873 0.6018689 0.3567487 0.3713574 0.1703387 0.3830454 0.6022002 1.0925796 0.6520991 1.0845257 0.3950276 0.3923676 0.0000000 0.3973984 0.6018689 0.6336050 0.3726295 0.8934007 0.3893431 0.4013469 0.9580259 0.5036112 0.3987231 1.1814802 0.7512048 0.3961010 0.2020859 0.5403839 1.9107294 
Scomber_japonicus_rna_XM_053325414_1               0.2855640 0.7938883 0.3200379 0.3979880 0.5152963 0.3166525 0.1033557 0.3371805 0.0320417 0.5080980 0.8691406 0.4830203 0.9702866 0.0391365 0.2508117 0.3973984 0.0000000 0.5152963 0.5506672 0.1203785 0.7630722 0.0978564 0.0873552 0.8967770 0.4510477 0.1032795 0.8941801 0.6757065 0.0874876 0.3486560 0.4205356 1.6320723 
Lampris_incognitus_rna_XM_056280341_1              0.3852306 0.6083026 0.4769055 0.6436669 0.0000010 0.4319199 0.4917272 0.5104491 0.5181230 0.0040472 0.7475179 0.5031950 0.6879861 0.5380082 0.4639130 0.6018689 0.5152963 0.0000000 0.3724263 0.5026802 0.6946901 0.4645580 0.4963521 0.6709236 0.3690763 0.4720129 0.7796000 0.4546056 0.5075153 0.5592342 0.4274945 1.0176107 
Centroberyx_gerrardi_g36551_t1                     0.4080272 0.6680239 0.4981276 0.6727404 0.3724263 0.4447871 0.5242484 0.5069355 0.5347946 0.3639729 0.7329544 0.3527815 0.7160437 0.5443509 0.5017282 0.6336050 0.5506672 0.3724263 0.0000000 0.5304206 0.6735729 0.4880587 0.5158099 0.7456206 0.3202260 0.4988118 0.8535661 0.4770144 0.5282086 0.5425331 0.4027905 0.8422421 
Scomber_japonicus_rna_XM_053337026_1               0.2681996 0.7108737 0.3023795 0.4268523 0.5026802 0.3059802 0.1522697 0.3290172 0.1376950 0.4961394 0.7617558 0.4735666 0.8389867 0.1398901 0.2599684 0.3726295 0.1203785 0.5026802 0.5304206 0.0000000 0.6755082 0.1408064 0.1116346 0.7691407 0.4300026 0.1467253 0.8719687 0.6057676 0.1177288 0.3537124 0.4192975 1.9332936 
Borostomias_antarcticus_g6122_t1                   0.7191628 0.4597029 0.7495997 1.0013196 0.6946901 0.7472701 0.7503025 0.7552134 0.7463028 0.6923687 0.5988610 0.7107629 0.7855680 0.7487213 0.6820325 0.8934007 0.7630722 0.6946901 0.6735729 0.6755082 0.0000000 0.7274656 0.7293476 0.5517788 0.7070885 0.7241374 0.7181472 0.6578390 0.7502630 0.7576054 0.6977799 1.2155568 
Alosa_sapidissima_rna_XM_042075309_1               0.2636571 0.7553372 0.2771032 0.4066300 0.4645580 0.3127886 0.0416530 0.2910482 0.0954482 0.4584417 0.8501425 0.4171274 0.9351528 0.0820902 0.2715638 0.3893431 0.0978564 0.4645580 0.4880587 0.1408064 0.7274656 0.0000000 0.0391586 0.8469521 0.4008162 0.0066714 0.8649553 0.6246021 0.0489891 0.3019331 0.4031765 1.5124739 
Scomber_scombrus_rna_XM_062436683_1                0.2732563 0.7706574 0.3053033 0.4084417 0.4963521 0.3193778 0.0487975 0.3324276 0.0953414 0.4898930 0.8439345 0.4341062 0.9636466 0.0871680 0.2583020 0.4013469 0.0873552 0.4963521 0.5158099 0.1116346 0.7293476 0.0391586 0.0000000 0.8053651 0.4477674 0.0465211 0.8966694 0.6491057 0.0089270 0.3305498 0.4156100 1.6778015 
Aplochiton_taeniatus_g15045_t1                     0.6419254 0.5515835 0.8279487 0.9849498 0.6709236 0.6581397 0.8672478 0.8309685 0.8652438 0.6843617 0.4658658 0.7110047 0.6566786 0.9071516 0.7220021 0.9580259 0.8967770 0.6709236 0.7456206 0.7691407 0.5517788 0.8469521 0.8053651 0.0000000 0.6275113 0.8359833 0.5305304 0.5351334 0.7805374 0.8490930 0.7416457 0.9883064 
Lucifuga_dentata_LDENT00156160_mrna                0.3018978 0.5907470 0.4264642 0.5436999 0.3690763 0.3225996 0.4147597 0.4218696 0.4294294 0.3681036 0.6147908 0.3584287 0.8336507 0.4424191 0.3556416 0.5036112 0.4510477 0.3690763 0.3202260 0.4300026 0.7070885 0.4008162 0.4477674 0.6275113 0.0000000 0.4062427 0.6794588 0.4624591 0.4606377 0.4527063 0.3847111 0.9573735 
Alosa_alosa_rna_XM_048231371_1                     0.2711719 0.7450473 0.2809194 0.4051102 0.4720129 0.3209367 0.0490748 0.2988506 0.1008609 0.4657956 0.8482737 0.4226438 0.9237950 0.0873602 0.2791848 0.3987231 0.1032795 0.4720129 0.4988118 0.1467253 0.7241374 0.0066714 0.0465211 0.8359833 0.4062427 0.0000000 0.8768254 0.6381220 0.0565454 0.3112720 0.4189241 1.5501902 
Dallia_pectoralis_mrna_DPEC_T00177230              0.8090376 0.5961141 0.9290925 1.1584317 0.7796000 0.8654974 0.9440698 0.8721693 0.8788561 0.7637779 0.1798091 0.8682211 0.7185020 0.9129342 0.9181277 1.1814802 0.8941801 0.7796000 0.8535661 0.8719687 0.7181472 0.8649553 0.8966694 0.5305304 0.6794588 0.8768254 0.0000000 0.6096952 0.9249207 0.9096129 0.8745350 1.2742747 
Salmo_salar_rna_XM_014131548_2                     0.4854646 0.5441795 0.6066762 0.8508699 0.4546056 0.5132881 0.6200260 0.6070648 0.6425103 0.4446614 0.5463277 0.5802253 0.2351463 0.6684670 0.5742799 0.7512048 0.6757065 0.4546056 0.4770144 0.6057676 0.6578390 0.6246021 0.6491057 0.5351334 0.4624591 0.6381220 0.6096952 0.0000000 0.6646665 0.6131371 0.5723130 0.3976464 
Scomber_scombrus_rna_XM_062436670_1                0.2823219 0.7930297 0.3109823 0.4203041 0.5075153 0.3293531 0.0537255 0.3330911 0.0954872 0.5138998 0.8704277 0.4556652 0.9558984 0.0872998 0.2587816 0.3961010 0.0874876 0.5075153 0.5282086 0.1177288 0.7502630 0.0489891 0.0089270 0.7805374 0.4606377 0.0565454 0.9249207 0.6646665 0.0000000 0.3130797 0.4276622 1.6778015 
Hypomesus_transpacificus_rna_XM_047049897_1        0.3206045 0.7973441 0.1611328 0.5086501 0.5592342 0.3190639 0.3088558 0.1048935 0.3188148 0.5653650 0.9040426 0.5505528 0.9324299 0.3261198 0.3574204 0.2020859 0.3486560 0.5592342 0.5425331 0.3537124 0.7576054 0.3019331 0.3305498 0.8490930 0.4527063 0.3112720 0.9096129 0.6131371 0.3130797 0.0000000 0.4949919 1.5333833 
Thalassophryne_amazonica_rna_XM_034187378_1        0.3579371 0.6939662 0.4426834 0.5974212 0.4274945 0.4016831 0.4256924 0.4630957 0.4214880 0.4182921 0.8365640 0.4305469 0.8499403 0.4206012 0.4408847 0.5403839 0.4205356 0.4274945 0.4027905 0.4192975 0.6977799 0.4031765 0.4156100 0.7416457 0.3847111 0.4189241 0.8745350 0.5723130 0.4276622 0.4949919 0.0000000 1.1556081 
Coregonus_sp_balchen_gene_CSTEINMANNI_LOCUS3751678 1.1973119 0.9500305 1.4779445 1.5306185 1.0176107 1.2760523 1.4875389 1.3575524 1.5687669 1.0176107 1.0495239 1.3099751 0.6042930 1.6945824 1.2494981 1.9107294 1.6320723 1.0176107 0.8422421 1.9332936 1.2155568 1.5124739 1.6778015 0.9883064 0.9573735 1.5501902 1.2742747 0.3976464 1.6778015 1.5333833 1.1556081 0.0000000 
