30
Chanos_chanos_rna_XM_030792951_1                     0.0000000 0.6579396 0.7186421 0.1877694 0.1884227 0.6859435 0.8794875 0.3140492 0.7218944 0.6369878 0.7313717 0.7208183 0.6909004 0.6878450 0.2719416 0.7257634 0.6959402 0.7246150 0.2037755 0.7848307 0.6561193 0.6266480 0.2028652 0.3773620 0.7260782 0.6933728 0.7500316 0.2059049 0.7510218 0.7174645 
Misgurnus_anguillicaudatus_rna_XM_055220629_1        0.6579396 0.0000000 0.4361642 0.6183964 0.6765517 0.1885550 0.2091264 0.6605052 0.4844169 0.2616294 0.4270104 0.4853592 0.3695592 0.3679826 0.6798996 0.4421524 0.3709780 0.4306946 0.7511017 0.6078891 0.1682128 0.2753210 0.6411897 0.6736749 0.4337857 0.4617850 0.4442445 0.7257058 0.4242567 0.3862099 
Carassius_auratus_rna_XM_026232153_1                 0.7186421 0.4361642 0.0000000 0.6116655 0.7056200 0.4363252 0.4577209 0.6759748 0.3623083 0.3838790 0.0637350 0.3136748 0.2500294 0.2822754 0.7431411 0.0064696 0.2689652 0.0623727 0.7088834 0.2861124 0.3973396 0.3981552 0.7289527 0.7203002 0.0690214 0.3152479 0.0284185 0.7132222 0.3279417 0.2999223 
Neoarius_graeffei_rna_XM_060938829_1                 0.1877694 0.6183964 0.6116655 0.0000000 0.1858277 0.5923918 0.6850708 0.2555806 0.6731255 0.5387771 0.6367045 0.7137535 0.6319517 0.6102866 0.2513669 0.6214474 0.6229865 0.6292709 0.0221684 0.7500744 0.5648528 0.5363581 0.1979657 0.3083524 0.6266784 0.6509968 0.6351361 0.0312274 0.6828282 0.6415273 
Chanos_chanos_rna_XM_030788612_1                     0.1884227 0.6765517 0.7056200 0.1858277 0.0000000 0.6941024 0.8902851 0.3080295 0.7574581 0.6245646 0.7071766 0.6831035 0.6326951 0.6788925 0.2338851 0.7111604 0.6952383 0.7003312 0.2004098 0.8284161 0.6691645 0.6294506 0.1445921 0.3606552 0.7022157 0.7089119 0.7276228 0.1982727 0.7225744 0.7109513 
Triplophysa_dalaica_rna_XM_056741343_1               0.6859435 0.1885550 0.4363252 0.5923918 0.6941024 0.0000000 0.0633750 0.6634431 0.5001202 0.2744460 0.4238939 0.4947960 0.3910082 0.3799392 0.7217608 0.4382329 0.3648743 0.4228188 0.7144879 0.5021710 0.0569351 0.2797384 0.6715957 0.6729421 0.4313646 0.4771597 0.4430504 0.7072382 0.4351552 0.3935228 
Triplophysa_tibetana_mrna_E1301_Tti016734            0.8794875 0.2091264 0.4577209 0.6850708 0.8902851 0.0633750 0.0000000 0.8372449 0.4748831 0.3172229 0.4630031 0.4674467 0.3985830 0.3911362 0.9122180 0.4627620 0.3836773 0.4558765 0.9150651 0.4833223 0.0680980 0.3414126 0.8583896 0.8757765 0.4654850 0.4925035 0.4682371 0.9262423 0.3881579 0.3717599 
Chanos_chanos_rna_XM_030788611_1                     0.3140492 0.6605052 0.6759748 0.2555806 0.3080295 0.6634431 0.8372449 0.0000000 0.7117248 0.6116561 0.6895964 0.7458738 0.6922781 0.6402094 0.3415580 0.6831791 0.6426223 0.6865062 0.3475283 0.8988421 0.6447333 0.6090586 0.3278358 0.1528253 0.7033132 0.7022541 0.6954089 0.3486888 0.6986460 0.6527056 
Danio_rerio_rna_XM_021468209_1                       0.7218944 0.4844169 0.3623083 0.6731255 0.7574581 0.5001202 0.4748831 0.7117248 0.0000000 0.4235839 0.3253944 0.5458783 0.3151487 0.3040474 0.7277089 0.3567886 0.3134327 0.3193318 0.7554552 0.3522133 0.4553235 0.4389554 0.7029741 0.7457517 0.3284729 0.0765809 0.3629469 0.7497125 0.3747174 0.2955617 
Myxocyprinus_asiaticus_rna_XM_051670420_1            0.6369878 0.2616294 0.3838790 0.5387771 0.6245646 0.2744460 0.3172229 0.6116561 0.4235839 0.0000000 0.3582564 0.4278471 0.3114734 0.3087665 0.6404605 0.3871689 0.3141339 0.3583181 0.6896365 0.5887700 0.2382661 0.0447829 0.5992709 0.6305918 0.3712678 0.3937580 0.3902459 0.6330122 0.3696559 0.3129719 
Sinocyclocheilus_rhinocerous_rna_XM_016551681_1      0.7313717 0.4270104 0.0637350 0.6367045 0.7071766 0.4238939 0.4630031 0.6895964 0.3253944 0.3582564 0.0000000 0.3155210 0.2201896 0.2471903 0.7439925 0.0631579 0.2381481 0.0070761 0.7207017 0.2673803 0.3749885 0.3701654 0.7253660 0.7219637 0.0160611 0.2823765 0.0535471 0.7197367 0.2961303 0.2583124 
Pimephales_promelas_rna_XM_039678947_1               0.7208183 0.4853592 0.3136748 0.7137535 0.6831035 0.4947960 0.4674467 0.7458738 0.5458783 0.4278471 0.3155210 0.0000000 0.1390892 0.2846902 0.6722347 0.3198418 0.2926882 0.3155210 0.7389227 2.2743572 0.4483896 0.4300653 0.7084872 0.7416094 0.3224021 0.3822317 0.3250752 0.7049118 0.2749777 0.4054135 
Rhinichthys_klamathensis_goyatoka_rna_XM_056264219_1 0.6909004 0.3695592 0.2500294 0.6319517 0.6326951 0.3910082 0.3985830 0.6922781 0.3151487 0.3114734 0.2201896 0.1390892 0.0000000 0.1475637 0.6786564 0.2570714 0.1389909 0.2171524 0.7072039 0.3028843 0.3496320 0.3185775 0.5802982 0.6812020 0.2312175 0.2688536 0.2540558 0.6719729 0.2140681 0.1684369 
Megalobrama_amblycephala_rna_XM_048202431_1          0.6878450 0.3679826 0.2822754 0.6102866 0.6788925 0.3799392 0.3911362 0.6402094 0.3040474 0.3087665 0.2471903 0.2846902 0.1475637 0.0000000 0.7045642 0.2869162 0.0760482 0.2436514 0.7222891 0.3388546 0.3416354 0.3103005 0.6661161 0.6505446 0.2495592 0.2709467 0.2857100 0.6830679 0.0887184 0.0514449 
Chanos_chanos_rna_XM_030788616_1                     0.2719416 0.6798996 0.7431411 0.2513669 0.2338851 0.7217608 0.9122180 0.3415580 0.7277089 0.6404605 0.7439925 0.6722347 0.6786564 0.7045642 0.0000000 0.7454212 0.7237778 0.7366326 0.3009278 0.7983172 0.6950526 0.6418983 0.2625510 0.3555999 0.7325312 0.7435322 0.7535357 0.3034531 0.7424753 0.7098384 
Carassius_gibelio_rna_XM_052532612_1                 0.7257634 0.4421524 0.0064696 0.6214474 0.7111604 0.4382329 0.4627620 0.6831791 0.3567886 0.3871689 0.0631579 0.3198418 0.2570714 0.2869162 0.7454212 0.0000000 0.2721437 0.0631064 0.7183291 0.2861124 0.4007574 0.4004436 0.7375847 0.7246470 0.0684457 0.3115439 0.0278629 0.7202376 0.3345885 0.3032183 
Megalobrama_amblycephala_rna_XM_048202428_1          0.6959402 0.3709780 0.2689652 0.6229865 0.6952383 0.3648743 0.3836773 0.6426223 0.3134327 0.3141339 0.2381481 0.2926882 0.1389909 0.0760482 0.7237778 0.2721437 0.0000000 0.2335090 0.8099049 0.3590068 0.3420411 0.3112657 0.6944886 0.6376100 0.2439633 0.2730545 0.2722345 0.6954963 0.1392801 0.0910961 
Sinocyclocheilus_anshuiensis_rna_XM_016444489_1      0.7246150 0.4306946 0.0623727 0.6292709 0.7003312 0.4228188 0.4558765 0.6865062 0.3193318 0.3583181 0.0070761 0.3155210 0.2171524 0.2436514 0.7366326 0.0631064 0.2335090 0.0000000 0.7141276 0.2414102 0.3761866 0.3702293 0.7193312 0.7209345 0.0136351 0.2771235 0.0521617 0.7131802 0.2927402 0.2554060 
Neoarius_graeffei_rna_XM_060938827_1                 0.2037755 0.7511017 0.7088834 0.0221684 0.2004098 0.7144879 0.9150651 0.3475283 0.7554552 0.6896365 0.7207017 0.7389227 0.7072039 0.7222891 0.3009278 0.7183291 0.8099049 0.7141276 0.0000000 0.8571593 0.7071415 0.6616896 0.2387674 0.3746462 0.7134840 0.7276910 0.7241485 0.0442425 0.7676682 0.7369495 
Sinocyclocheilus_anshuiensis_rna_XM_016492581_1      0.7848307 0.6078891 0.2861124 0.7500744 0.8284161 0.5021710 0.4833223 0.8988421 0.3522133 0.5887700 0.2673803 2.2743572 0.3028843 0.3388546 0.7983172 0.2861124 0.3590068 0.2414102 0.8571593 0.0000000 0.4760480 0.6704722 0.7748767 0.8751113 0.2601916 0.3791728 0.2822362 0.8657648 0.2929274 0.3419513 
Triplophysa_rosa_rna_XM_057353938_1                  0.6561193 0.1682128 0.3973396 0.5648528 0.6691645 0.0569351 0.0680980 0.6447333 0.4553235 0.2382661 0.3749885 0.4483896 0.3496320 0.3416354 0.6950526 0.4007574 0.3420411 0.3761866 0.7071415 0.4760480 0.0000000 0.2461932 0.6357531 0.6483532 0.3857967 0.4288353 0.4034955 0.6775747 0.4034210 0.3568540 
Xyrauchen_texanus_rna_XM_052092374_1                 0.6266480 0.2753210 0.3981552 0.5363581 0.6294506 0.2797384 0.3414126 0.6090586 0.4389554 0.0447829 0.3701654 0.4300653 0.3185775 0.3103005 0.6418983 0.4004436 0.3112657 0.3702293 0.6616896 0.6704722 0.2461932 0.0000000 0.6047548 0.6243585 0.3801491 0.4032937 0.4025277 0.6260872 0.3793936 0.3241898 
Chanos_chanos_rna_XM_030788615_1                     0.2028652 0.6411897 0.7289527 0.1979657 0.1445921 0.6715957 0.8583896 0.3278358 0.7029741 0.5992709 0.7253660 0.7084872 0.5802982 0.6661161 0.2625510 0.7375847 0.6944886 0.7193312 0.2387674 0.7748767 0.6357531 0.6047548 0.0000000 0.3870874 0.7204413 0.7041932 0.7475410 0.2343193 0.7095555 0.6759562 
Chanos_chanos_rna_XM_030788614_1                     0.3773620 0.6736749 0.7203002 0.3083524 0.3606552 0.6729421 0.8757765 0.1528253 0.7457517 0.6305918 0.7219637 0.7416094 0.6812020 0.6505446 0.3555999 0.7246470 0.6376100 0.7209345 0.3746462 0.8751113 0.6483532 0.6243585 0.3870874 0.0000000 0.7307895 0.7123308 0.7448543 0.3810098 0.7005601 0.6732004 
Sinocyclocheilus_grahami_rna_XM_016291191_1          0.7260782 0.4337857 0.0690214 0.6266784 0.7022157 0.4313646 0.4654850 0.7033132 0.3284729 0.3712678 0.0160611 0.3224021 0.2312175 0.2495592 0.7325312 0.0684457 0.2439633 0.0136351 0.7134840 0.2601916 0.3857967 0.3801491 0.7204413 0.7307895 0.0000000 0.2908752 0.0574132 0.7142218 0.2951710 0.2618496 
Danio_aesculapii_rna_XM_056480074_1                  0.6933728 0.4617850 0.3152479 0.6509968 0.7089119 0.4771597 0.4925035 0.7022541 0.0765809 0.3937580 0.2823765 0.3822317 0.2688536 0.2709467 0.7435322 0.3115439 0.2730545 0.2771235 0.7276910 0.3791728 0.4288353 0.4032937 0.7041932 0.7123308 0.2908752 0.0000000 0.3156603 0.7166665 0.3389874 0.2792353 
Carassius_carassius_rna_XM_059509322_1               0.7500316 0.4442445 0.0284185 0.6351361 0.7276228 0.4430504 0.4682371 0.6954089 0.3629469 0.3902459 0.0535471 0.3250752 0.2540558 0.2857100 0.7535357 0.0278629 0.2722345 0.0521617 0.7241485 0.2822362 0.4034955 0.4025277 0.7475410 0.7448543 0.0574132 0.3156603 0.0000000 0.7300998 0.3308860 0.2962802 
Neoarius_graeffei_rna_XM_060939486_1                 0.2059049 0.7257058 0.7132222 0.0312274 0.1982727 0.7072382 0.9262423 0.3486888 0.7497125 0.6330122 0.7197367 0.7049118 0.6719729 0.6830679 0.3034531 0.7202376 0.6954963 0.7131802 0.0442425 0.8657648 0.6775747 0.6260872 0.2343193 0.3810098 0.7142218 0.7166665 0.7300998 0.0000000 0.7432917 0.7189328 
Anabarilius_grahami_mrna_DPX16_11507                 0.7510218 0.4242567 0.3279417 0.6828282 0.7225744 0.4351552 0.3881579 0.6986460 0.3747174 0.3696559 0.2961303 0.2749777 0.2140681 0.0887184 0.7424753 0.3345885 0.1392801 0.2927402 0.7676682 0.2929274 0.4034210 0.3793936 0.7095555 0.7005601 0.2951710 0.3389874 0.3308860 0.7432917 0.0000000 0.1147978 
Ctenopharyngodon_idella_rna_XM_051872162_1           0.7174645 0.3862099 0.2999223 0.6415273 0.7109513 0.3935228 0.3717599 0.6527056 0.2955617 0.3129719 0.2583124 0.4054135 0.1684369 0.0514449 0.7098384 0.3032183 0.0910961 0.2554060 0.7369495 0.3419513 0.3568540 0.3241898 0.6759562 0.6732004 0.2618496 0.2792353 0.2962802 0.7189328 0.1147978 0.0000000 
