13
Clupea_harengus_rna_XM_042708011_1          0.0000000 0.1963111 0.1963111 0.4187005 0.4225196 0.3438300 0.1539607 0.0203376 1.3307994 0.4498503 1.3307994 0.3627511 0.2366913 
Clupea_harengus_rna_XM_042705999_1          0.1963111 0.0000000 0.0000010 0.4975539 0.5019180 0.4255979 0.2295426 0.1904634 1.4157647 0.5022270 1.4157647 0.4107392 0.0442848 
Clupea_harengus_rna_XM_031568919_1          0.1963111 0.0000010 0.0000000 0.4975539 0.5019180 0.4255979 0.2295426 0.1904634 1.4157647 0.5022270 1.4157647 0.4107392 0.0442848 
Sardina_pilchardus_rna_XM_062549765_1       0.4187005 0.4975539 0.4975539 0.0000000 0.0057351 0.5134884 0.4394221 0.4088602 1.4619492 0.0154482 1.4619492 0.5495968 0.5917330 
Sardina_pilchardus_rna_XM_062549788_1       0.4225196 0.5019180 0.5019180 0.0057351 0.0000000 0.5174740 0.4413072 0.4127049 1.4590679 0.0154615 1.4590679 0.5579355 0.5984070 
Thalassophryne_amazonica_rna_XM_034166331_1 0.3438300 0.4255979 0.4255979 0.5134884 0.5174740 0.0000000 0.3756892 0.3353840 1.4250597 0.5470582 1.4250597 0.0000010 0.4891086 
Clupea_harengus_rna_XM_042707968_1          0.1539607 0.2295426 0.2295426 0.4394221 0.4413072 0.3756892 0.0000000 0.1552604 1.4019111 0.4526398 1.4019111 0.3612485 0.2773434 
Clupea_harengus_rna_XM_042706001_1          0.0203376 0.1904634 0.1904634 0.4088602 0.4127049 0.3353840 0.1552604 0.0000000 1.3452147 0.4415914 1.3452147 0.3618302 0.2240288 
Scleropages_formosus_rna_XM_029259819_1     1.3307994 1.4157647 1.4157647 1.4619492 1.4590679 1.4250597 1.4019111 1.3452147 0.0000000 1.3998607 0.0000010 1.6525203 1.4896398 
Sardina_pilchardus_rna_XM_062549915_1       0.4498503 0.5022270 0.5022270 0.0154482 0.0154615 0.5470582 0.4526398 0.4415914 1.3998607 0.0000000 1.3998607 0.5631219 0.5554958 
Scleropages_formosus_rna_XM_018734537_1     1.3307994 1.4157647 1.4157647 1.4619492 1.4590679 1.4250597 1.4019111 1.3452147 0.0000010 1.3998607 0.0000000 1.6525203 1.4896398 
Thalassophryne_amazonica_rna_XM_034167571_1 0.3627511 0.4107392 0.4107392 0.5495968 0.5579355 0.0000010 0.3612485 0.3618302 1.6525203 0.5631219 1.6525203 0.0000000 0.4107392 
Clupea_harengus_rna_XM_031568920_2          0.2366913 0.0442848 0.0442848 0.5917330 0.5984070 0.4891086 0.2773434 0.2240288 1.4896398 0.5554958 1.4896398 0.4107392 0.0000000 
