19
Alosa_alosa_rna_XM_048250590_1              0.0000000 0.2000816 0.2188793 0.1074801 0.1052716 0.3449106 0.1105183 0.0137490 0.5804040 0.1265116 0.1896883 0.2047197 0.1922735 0.5978481 0.3622852 0.1884241 0.1024670 0.2877703 0.2155935 
Clupea_harengus_rna_XM_042704194_1          0.2000816 0.0000000 0.2750563 0.2416831 0.2401946 0.4044527 0.2296174 0.2019709 0.6807655 0.2373019 0.2219983 0.2079767 0.2219331 0.6900574 0.3813029 0.2145691 0.2373353 0.3033380 0.2805371 
Caranx_melampygus_mRNA27263                 0.2188793 0.2750563 0.0000000 0.2775017 0.2783184 0.3969232 0.2675193 0.2222145 0.6737872 0.2665406 0.2215875 0.1388370 0.2224786 0.6675481 0.4016099 0.2216774 0.2666928 0.2777885 0.0402492 
Alosa_sapidissima_rna_XM_042093290_1        0.1074801 0.2416831 0.2775017 0.0000000 0.0075500 0.4403930 0.3269620 0.1092826 0.6921301 0.1758960 0.5054519 0.2111842 0.5167214 0.7048629 0.3961149 0.4208278 0.2013889 0.2830682 0.2710335 
Alosa_alosa_rna_XM_048256059_1              0.1052716 0.2401946 0.2783184 0.0075500 0.0000000 0.4363043 0.3241182 0.1070756 0.6952532 0.1727238 0.5056584 0.2129820 0.5169323 0.7080521 0.3965250 0.4210321 0.2014015 0.2827949 0.2700030 
Engraulis_encrasicolus_rna_XM_063193635_1   0.3449106 0.4044527 0.3969232 0.4403930 0.4363043 0.0000000 0.4419919 0.3426842 0.5929631 0.3907395 0.4452295 0.3328750 0.4453064 0.5624132 0.2835159 0.3824309 0.4153460 0.4366486 0.4207030 
Sardina_pilchardus_rna_XM_062523630_1       0.1105183 0.2296174 0.2675193 0.3269620 0.3241182 0.4419919 0.0000000 0.1136232 0.6718906 0.1619736 0.4133676 0.2036844 0.4206968 0.6681388 0.4274799 0.3821509 0.1733017 0.2690546 0.2707786 
Alosa_sapidissima_rna_XM_042103484_1        0.0137490 0.2019709 0.2222145 0.1092826 0.1070756 0.3426842 0.1136232 0.0000000 0.5738218 0.1344712 0.1935458 0.2122779 0.1961475 0.5958412 0.3695272 0.1935114 0.1090069 0.2818005 0.2205016 
Engraulis_encrasicolus_rna_XM_063193637_1   0.5804040 0.6807655 0.6737872 0.6921301 0.6952532 0.5929631 0.6718906 0.5738218 0.0000000 0.6892924 0.6603421 0.5309395 0.6602708 0.1147235 0.5869868 0.6617542 0.6616388 0.6060737 0.6827706 
Alosa_alosa_rna_XM_048239489_1              0.1265116 0.2373019 0.2665406 0.1758960 0.1727238 0.3907395 0.1619736 0.1344712 0.6892924 0.0000000 0.2305608 0.1915338 0.2305608 0.6818455 0.4084222 0.2176833 0.1586278 0.2750937 0.2938846 
Lates_calcarifer_rna_XM_018688510_2         0.1896883 0.2219983 0.2215875 0.5054519 0.5056584 0.4452295 0.4133676 0.1935458 0.6603421 0.2305608 0.0000000 0.1389753 0.0147593 0.6853214 0.4458885 0.0422368 0.2607141 0.2337898 0.2150782 
Seriola_lalandi_dorsalis_rna_XM_023399112_1 0.2047197 0.2079767 0.1388370 0.2111842 0.2129820 0.3328750 0.2036844 0.2122779 0.5309395 0.1915338 0.1389753 0.0000000 0.1405311 0.5669423 0.3623726 0.1453344 0.2029988 0.1783409 0.1388153 
Lates_calcarifer_rna_XM_018686387_2         0.1922735 0.2219331 0.2224786 0.5167214 0.5169323 0.4453064 0.4206968 0.1961475 0.6602708 0.2305608 0.0147593 0.1405311 0.0000000 0.6901583 0.4464539 0.0438215 0.2628858 0.2319286 0.2167657 
Engraulis_encrasicolus_rna_XM_063193640_1   0.5978481 0.6900574 0.6675481 0.7048629 0.7080521 0.5624132 0.6681388 0.5958412 0.1147235 0.6818455 0.6853214 0.5669423 0.6901583 0.0000000 0.5647276 0.6877597 0.6831682 0.5996861 0.6821590 
Engraulis_encrasicolus_rna_XM_063194025_1   0.3622852 0.3813029 0.4016099 0.3961149 0.3965250 0.2835159 0.4274799 0.3695272 0.5869868 0.4084222 0.4458885 0.3623726 0.4464539 0.5647276 0.0000000 0.3914248 0.4050899 0.4395409 0.4198860 
Lates_japonicus_gene_AKAME5_002034700       0.1884241 0.2145691 0.2216774 0.4208278 0.4210321 0.3824309 0.3821509 0.1935114 0.6617542 0.2176833 0.0422368 0.1453344 0.0438215 0.6877597 0.3914248 0.0000000 0.2573837 0.2283801 0.2253031 
Sardina_pilchardus_rna_XM_062523290_1       0.1024670 0.2373353 0.2666928 0.2013889 0.2014015 0.4153460 0.1733017 0.1090069 0.6616388 0.1586278 0.2607141 0.2029988 0.2628858 0.6831682 0.4050899 0.2573837 0.0000000 0.2781740 0.2934156 
Caranx_melampygus_mRNA25461                 0.2877703 0.3033380 0.2777885 0.2830682 0.2827949 0.4366486 0.2690546 0.2818005 0.6060737 0.2750937 0.2337898 0.1783409 0.2319286 0.5996861 0.4395409 0.2283801 0.2781740 0.0000000 0.2833877 
Caranx_melampygus_mRNA11584                 0.2155935 0.2805371 0.0402492 0.2710335 0.2700030 0.4207030 0.2707786 0.2205016 0.6827706 0.2938846 0.2150782 0.1388153 0.2167657 0.6821590 0.4198860 0.2253031 0.2934156 0.2833877 0.0000000 
