17
Tachysurus_vachellii_rna_XM_060864660_1        0.0000000 1.5556880 1.5473482 1.3759653 0.4600629 0.3485670 1.3776935 0.1940836 1.4992062 1.6152116 0.2151852 0.4627809 0.5541550 0.3150735 0.3087171 1.5444481 0.6422702 
Sardina_pilchardus_rna_XM_062533666_1          1.5556880 0.0000000 0.6549951 1.2293288 1.4105963 1.3223949 1.3394776 0.9908239 0.6618072 0.7018463 1.4446837 1.4263904 1.8349456 1.4568436 1.4742031 0.7485316 1.1662225 
Clupea_harengus_rna_XM_031562957_1             1.5473482 0.6549951 0.0000000 1.1546180 1.4249905 1.3882215 1.1711682 1.1087809 0.2052837 0.4729185 1.4453256 1.3923775 1.5504186 1.4693995 1.4968470 0.4913265 1.1148760 
Engraulis_encrasicolus_rna_XM_063194453_1      1.3759653 1.2293288 1.1546180 0.0000000 1.4526517 1.3047271 0.1290749 0.9318299 1.1542463 1.2746010 1.5029496 1.4869176 1.6641762 1.3944808 1.4106905 1.2609747 1.2626986 
Silurus_asotus_mrna_C0J50_7608                 0.4600629 1.4105963 1.4249905 1.4526517 0.0000000 0.5938688 1.4788843 0.2876931 1.3380286 1.4618768 0.5335855 0.0276881 0.5359230 0.4059447 0.4057504 1.4440640 0.7197380 
Bagarius_yarrelli_mrna_Baya_9812               0.3485670 1.3223949 1.3882215 1.3047271 0.5938688 0.0000000 1.3599973 0.3044580 1.2885040 1.4388199 0.3944475 0.5911890 0.5838387 0.4397705 0.4416587 1.4073246 0.8016242 
Engraulis_encrasicolus_rna_XM_063194454_1      1.3776935 1.3394776 1.1711682 0.1290749 1.4788843 1.3599973 0.0000000 0.9230381 1.1200303 1.3367210 1.5577156 1.5131554 1.6912442 1.4171101 1.4345966 1.3161730 1.2896081 
Pangasius_djambal_PDJAM_T00174590              0.1940836 0.9908239 1.1087809 0.9318299 0.2876931 0.3044580 0.9230381 0.0000000 1.0005111 1.2467605 0.2587468 0.2597501 0.4957018 0.0471135 0.0471135 1.2503801 0.4620471 
Hypomesus_transpacificus_rna_XM_047048755_1    1.4992062 0.6618072 0.2052837 1.1542463 1.3380286 1.2885040 1.1200303 1.0005111 0.0000000 0.5130663 1.3297084 1.3152862 1.5245487 1.3888533 1.4076040 0.5132117 1.1011978 
Alosa_alosa_rna_XM_048250614_1                 1.6152116 0.7018463 0.4729185 1.2746010 1.4618768 1.4388199 1.3367210 1.2467605 0.5130663 0.0000000 1.4970642 1.4391190 2.0892238 1.6165234 1.6223696 0.3352644 1.2796804 
Hemibagrus_wyckioides_rna_XM_058384010_1       0.2151852 1.4446837 1.4453256 1.5029496 0.5335855 0.3944475 1.5577156 0.2587468 1.3297084 1.4970642 0.0000000 0.5338246 0.5534593 0.3425752 0.3395394 1.5409958 0.7009800 
Silurus_meridionalis_rna_XM_046843082_1        0.4627809 1.4263904 1.3923775 1.4869176 0.0276881 0.5911890 1.5131554 0.2597501 1.3152862 1.4391190 0.5338246 0.0000000 0.5359472 0.4029936 0.4028014 1.4165093 0.6991413 
Clarias_gariepinus_rna_XM_053479509_1          0.5541550 1.8349456 1.5504186 1.6641762 0.5359230 0.5838387 1.6912442 0.4957018 1.5245487 2.0892238 0.5534593 0.5359472 0.0000000 0.4439846 0.4402005 1.7827867 0.7623307 
Pangasianodon_hypophthalmus_rna_XM_053230873_1 0.3150735 1.4568436 1.4693995 1.3944808 0.4059447 0.4397705 1.4171101 0.0471135 1.3888533 1.6165234 0.3425752 0.4029936 0.4439846 0.0000000 0.0215945 1.5357943 0.5981327 
Pangasianodon_gigas_PGIGA_T00176410            0.3087171 1.4742031 1.4968470 1.4106905 0.4057504 0.4416587 1.4345966 0.0471135 1.4076040 1.6223696 0.3395394 0.4028014 0.4402005 0.0215945 0.0000000 1.5865651 0.5866736 
Sardina_pilchardus_rna_XM_062530721_1          1.5444481 0.7485316 0.4913265 1.2609747 1.4440640 1.4073246 1.3161730 1.2503801 0.5132117 0.3352644 1.5409958 1.4165093 1.7827867 1.5357943 1.5865651 0.0000000 1.2464947 
Trichomycterus_rosablanca_rna_XM_063009182_1   0.6422702 1.1662225 1.1148760 1.2626986 0.7197380 0.8016242 1.2896081 0.4620471 1.1011978 1.2796804 0.7009800 0.6991413 0.7623307 0.5981327 0.5866736 1.2464947 0.0000000 
