13
Ictalurus_punctatus_rna_XM_017463853_3         0.0000000 0.0445713 0.2173361 0.1821321 0.1244558 0.1861216 0.2037347 0.3482335 0.4226483 0.3423239 0.3742086 0.1874386 0.3352416 
Ameiurus_melas_AMELA_T00177240                 0.0445713 0.0000000 0.2167714 0.1896421 0.1289986 0.1891806 0.2103924 0.3488488 0.4284775 0.3485316 0.3809521 0.1896023 0.3356152 
Silurus_asotus_mrna_C0J50_8883                 0.2173361 0.2167714 0.0000000 0.2493406 0.2061239 0.2365377 0.2525867 0.3952534 0.4752758 0.3873453 0.4144775 0.2380306 0.3828920 
Paramormyrops_kingsleyae_rna_XM_023831520_1    0.1821321 0.1896421 0.2493406 0.0000000 0.1772763 0.2105531 0.2259193 0.3723400 0.4644976 0.3544623 0.3977304 0.2087901 0.3552678 
Pangasianodon_hypophthalmus_rna_XM_053232595_1 0.1244558 0.1289986 0.2061239 0.1772763 0.0000000 0.1676502 0.1845751 0.3146569 0.3987852 0.2942959 0.3367157 0.1670533 0.3022178 
Hemibagrus_wyckioides_rna_XM_058394735_1       0.1861216 0.1891806 0.2365377 0.2105531 0.1676502 0.0000000 0.1176449 0.3652792 0.4565231 0.3444082 0.3863529 0.0730171 0.3533980 
Tachysurus_vachellii_rna_XM_060873936_1        0.2037347 0.2103924 0.2525867 0.2259193 0.1845751 0.1176449 0.0000000 0.3845634 0.4697123 0.3700163 0.4025127 0.1199069 0.3657987 
Pygocentrus_nattereri_rna_XM_017714086_2       0.3482335 0.3488488 0.3952534 0.3723400 0.3146569 0.3652792 0.3845634 0.0000000 0.3222186 0.3494958 0.2852226 0.3676920 0.0818034 
Astyanax_mexicanus_rna_XM_007241775_4          0.4226483 0.4284775 0.4752758 0.4644976 0.3987852 0.4565231 0.4697123 0.3222186 0.0000000 0.4375568 0.3810302 0.4552494 0.3050612 
Trichomycterus_rosablanca_rna_XM_062995414_1   0.3423239 0.3485316 0.3873453 0.3544623 0.2942959 0.3444082 0.3700163 0.3494958 0.4375568 0.0000000 0.3728993 0.3470914 0.3384478 
Electrophorus_electricus_rna_XM_027006769_2    0.3742086 0.3809521 0.4144775 0.3977304 0.3367157 0.3863529 0.4025127 0.2852226 0.3810302 0.3728993 0.0000000 0.3847964 0.2681972 
Hemibagrus_guttatus_male_16671                 0.1874386 0.1896023 0.2380306 0.2087901 0.1670533 0.0730171 0.1199069 0.3676920 0.4552494 0.3470914 0.3847964 0.0000000 0.3479334 
Colossoma_macropomum_rna_XM_036589671_1        0.3352416 0.3356152 0.3828920 0.3552678 0.3022178 0.3533980 0.3657987 0.0818034 0.3050612 0.3384478 0.2681972 0.3479334 0.0000000 
