22
Clupea_harengus_rna_XM_042703846_1          0.0000000 0.5117085 0.2031636 0.5012260 0.4000764 0.3856784 0.0483147 0.1802723 0.1898428 0.6166946 0.2024618 0.4384112 0.1344560 0.4217267 0.3519194 0.2056434 0.7725350 0.6878522 0.6626244 0.3723497 0.1622507 0.3743427 
Sardina_pilchardus_rna_XM_062525940_1       0.5117085 0.0000000 0.4681165 0.4379943 0.3344555 0.3243720 0.5035706 0.5039697 0.4759156 0.8875022 0.4327682 0.3883504 0.4495731 0.1535506 0.3389321 0.4397684 0.8590849 0.6964254 0.7090906 0.3294396 0.4885471 0.3313847 
Clupea_harengus_rna_XM_042709983_1          0.2031636 0.4681165 0.0000000 0.5448029 0.3221686 0.3076324 0.1882585 0.1483354 0.1636471 0.4646241 0.1090969 0.3810578 0.1106231 0.4317438 0.3623602 0.1000368 0.8528701 0.6182088 0.6325515 0.3082243 0.1477618 0.3124159 
Alosa_sapidissima_rna_XM_042068858_1        0.5012260 0.4379943 0.5448029 0.0000000 0.3897746 0.3909692 0.5202388 0.4971061 0.5205467 0.9434315 0.5072713 0.3714499 0.3992766 0.3331608 0.3306719 0.5296220 0.8561214 0.8422774 0.8491478 0.3839304 0.5091433 0.3836159 
Sardina_pilchardus_rna_XM_062534582_1       0.4000764 0.3344555 0.3221686 0.3897746 0.0000000 0.1391667 0.3847457 0.3674353 0.3492341 0.6833674 0.3295227 0.1982205 0.3434637 0.3574378 0.2321020 0.3244853 0.7513808 0.6046498 0.6317725 0.2231451 0.3722226 0.2249726 
Sardina_pilchardus_rna_XM_062534740_1       0.3856784 0.3243720 0.3076324 0.3909692 0.1391667 0.0000000 0.3703150 0.3423871 0.3668211 0.6660549 0.3089264 0.1870093 0.3272701 0.3496640 0.2072125 0.3260733 0.7730511 0.5751417 0.5854182 0.2328813 0.3622200 0.2347419 
Clupea_harengus_rna_XM_042703844_1          0.0483147 0.5035706 0.1882585 0.5202388 0.3847457 0.3703150 0.0000000 0.1713917 0.1696778 0.6065820 0.1895789 0.3899125 0.1344289 0.4177345 0.3518571 0.1908747 0.7747214 0.6958720 0.6743267 0.3651488 0.1681237 0.3696815 
Hypomesus_transpacificus_rna_XM_047025851_1 0.1802723 0.5039697 0.1483354 0.4971061 0.3674353 0.3423871 0.1713917 0.0000000 0.1662078 0.5448019 0.1333525 0.3762126 0.0571511 0.4197386 0.3392602 0.0941887 0.7854307 0.6473180 0.6310196 0.3447299 0.1263107 0.3469125 
Clupea_harengus_rna_XM_012826723_2          0.1898428 0.4759156 0.1636471 0.5205467 0.3492341 0.3668211 0.1696778 0.1662078 0.0000000 0.5746136 0.1480096 0.3710089 0.1316903 0.3922085 0.3663792 0.1646743 0.7655034 0.5968866 0.5943324 0.3384281 0.1355303 0.3357536 
Clupea_harengus_rna_XM_042708796_1          0.6166946 0.8875022 0.4646241 0.9434315 0.6833674 0.6660549 0.6065820 0.5448019 0.5746136 0.0000000 0.4673177 0.8563500 0.5071827 0.9618688 0.7610244 0.4790231 1.4508927 1.0708632 1.1152407 0.6684885 0.5937723 0.6771056 
Hypomesus_transpacificus_rna_XM_047023826_1 0.2024618 0.4327682 0.1090969 0.5072713 0.3295227 0.3089264 0.1895789 0.1333525 0.1480096 0.4673177 0.0000000 0.3629137 0.0952071 0.4400243 0.3602476 0.0886515 0.7895670 0.5816297 0.5711570 0.3003291 0.1374358 0.3023722 
Sardina_pilchardus_rna_XM_062533668_1       0.4384112 0.3883504 0.3810578 0.3714499 0.1982205 0.1870093 0.3899125 0.3762126 0.3710089 0.8563500 0.3629137 0.0000000 0.3202504 0.3248056 0.2288676 0.3861203 0.7924856 0.6880682 0.7010450 0.2870656 0.3623691 0.2868513 
Hypomesus_transpacificus_rna_XM_047044257_1 0.1344560 0.4495731 0.1106231 0.3992766 0.3434637 0.3272701 0.1344289 0.0571511 0.1316903 0.5071827 0.0952071 0.3202504 0.0000000 0.4608859 0.3660014 0.0276105 0.7435243 0.5808078 0.5695049 0.3306800 0.0921297 0.3303917 
Sardina_pilchardus_rna_XM_062527008_1       0.4217267 0.1535506 0.4317438 0.3331608 0.3574378 0.3496640 0.4177345 0.4197386 0.3922085 0.9618688 0.4400243 0.3248056 0.4608859 0.0000000 0.3558934 0.4478610 0.8235120 0.7343860 0.7428710 0.3072254 0.4086217 0.3098857 
Sardina_pilchardus_rna_XM_062535073_1       0.3519194 0.3389321 0.3623602 0.3306719 0.2321020 0.2072125 0.3518571 0.3392602 0.3663792 0.7610244 0.3602476 0.2288676 0.3660014 0.3558934 0.0000000 0.3625315 0.8284979 0.6845337 0.6798683 0.2789626 0.3420184 0.2762866 
Hypomesus_transpacificus_rna_XM_047043933_1 0.2056434 0.4397684 0.1000368 0.5296220 0.3244853 0.3260733 0.1908747 0.0941887 0.1646743 0.4790231 0.0886515 0.3861203 0.0276105 0.4478610 0.3625315 0.0000000 0.7588903 0.5692178 0.5634094 0.3260910 0.1304171 0.3282145 
Engraulis_encrasicolus_rna_XM_063222206_1   0.7725350 0.8590849 0.8528701 0.8561214 0.7513808 0.7730511 0.7747214 0.7854307 0.7655034 1.4508927 0.7895670 0.7924856 0.7435243 0.8235120 0.8284979 0.7588903 0.0000000 0.2871011 0.2769704 0.7877986 0.7481988 0.7812120 
Engraulis_encrasicolus_rna_XM_063222557_1   0.6878522 0.6964254 0.6182088 0.8422774 0.6046498 0.5751417 0.6958720 0.6473180 0.5968866 1.0708632 0.5816297 0.6880682 0.5808078 0.7343860 0.6845337 0.5692178 0.2871011 0.0000000 0.0555660 0.6275477 0.6023616 0.6157228 
Engraulis_encrasicolus_rna_XM_063222559_1   0.6626244 0.7090906 0.6325515 0.8491478 0.6317725 0.5854182 0.6743267 0.6310196 0.5943324 1.1152407 0.5711570 0.7010450 0.5695049 0.7428710 0.6798683 0.5634094 0.2769704 0.0555660 0.0000000 0.6543975 0.5967138 0.6421423 
Alosa_alosa_rna_XM_048233380_1              0.3723497 0.3294396 0.3082243 0.3839304 0.2231451 0.2328813 0.3651488 0.3447299 0.3384281 0.6684885 0.3003291 0.2870656 0.3306800 0.3072254 0.2789626 0.3260910 0.7877986 0.6275477 0.6543975 0.0000000 0.3436037 0.0052585 
Clupea_harengus_rna_XM_042709984_1          0.1622507 0.4885471 0.1477618 0.5091433 0.3722226 0.3622200 0.1681237 0.1263107 0.1355303 0.5937723 0.1374358 0.3623691 0.0921297 0.4086217 0.3420184 0.1304171 0.7481988 0.6023616 0.5967138 0.3436037 0.0000000 0.3433414 
Alosa_sapidissima_rna_XM_042083764_1        0.3743427 0.3313847 0.3124159 0.3836159 0.2249726 0.2347419 0.3696815 0.3469125 0.3357536 0.6771056 0.3023722 0.2868513 0.3303917 0.3098857 0.2762866 0.3282145 0.7812120 0.6157228 0.6421423 0.0052585 0.3433414 0.0000000 
